*** t = 0
*** t = 1
*** t = 2
*** t = 3
*** t = 4
*** t = 5
*** t = 6
*** t = 7
*** t = 8
*** t = 9
*** t = 10
1.0 1.0 1.0 0.0 1
*** t = 11
1.0 0.9263044993362491 1.0 0.0 1
*** t = 12
1.0 0.8526089986724983 1.0 0.0 1
*** t = 13
1.0 0.7789134980087473 1.0 0.0 1
*** t = 14
1.0 0.7052179973449967 1.0 0.0 1
*** t = 15
1.0 0.6315224966812457 1.0 0.0 1
0.0 0.0 1.0 0.0 2
*** t = 16
1.0 0.5578269960174949 1.0 0.0 1
0.08145113415382829 0.0 1.0 0.0 2
2.0 0.0 1.0 0.0 3
*** t = 17
1.0 0.484131495353744 1.0 0.0 1
0.16290226830765658 0.0 1.0 0.0 2
1.8862112738385548 0.0 1.0 0.0 3
*** t = 18
1.0 0.4104359946899932 1.0 0.0 1
0.24435340246148488 0.0 1.0 0.0 2
1.7724225476771096 0.0 1.0 0.0 3
*** t = 19
1.0 0.33674049402624234 1.0 0.0 1
0.32580453661531317 0.0 1.0 0.0 2
1.6586338215156644 0.0 1.0 0.0 3
*** t = 20
1.0 0.2630449933624914 1.0 0.0 1
0.4072556707691415 0.0 1.0 0.0 2
1.5448450953542192 0.0 1.0 0.0 3
1.0 1.0 1.0 0.0 4
*** t = 21
1.0 0.18934949269874055 1.0 0.0 1
0.48870680492296986 0.0 1.0 0.0 2
1.431056369192774 0.0 1.0 0.0 3
1.0 0.8721319562137481 1.0 0.0 4
*** t = 22
1.0 0.1156539920349897 1.0 0.0 1
0.5701579390767981 0.0 1.0 0.0 2
1.3172676430313288 0.0 1.0 0.0 3
1.0 0.7442639124274961 1.0 0.0 4
*** t = 23
1.0 0.04195849137123887 1.0 0.0 1
0.6516090732306264 0.0 1.0 0.0 2
1.2034789168698836 0.0 1.0 0.0 3
1.0 0.6163958686412442 1.0 0.0 4
*** t = 24
0.968262990707488 0.0 0.0 0.0 1
0.7330602073844549 0.0 1.0 0.0 2
1.0896901907084384 0.0 1.0 0.0 3
1.0 0.48852782485499224 1.0 0.0 4
*** t = 25
0.8945674900437371 0.0 0.0 0.0 1
0.8145113415382831 0.0 1.0 0.0 2
0.9759014645469932 0.0 0.0 0.0 3
1.0 0.36065978106874025 1.0 0.0 4
*** t = 26
0.8208719893799864 0.0 0.0 0.0 1
0.8959624756921114 0.0 1.0 0.0 2
0.862112738385548 0.0 0.0 0.0 3
1.0 0.23279173728248836 1.0 0.0 4
*** t = 27
0.7471764887162354 0.0 0.0 0.0 1
0.9774136098459397 0.0 1.0 0.0 2
0.7483240122241028 0.0 0.0 0.0 3
1.0 0.10492369349623644 1.0 0.0 4
*** t = 28
0.6734809880524846 0.0 0.0 0.0 1
1.0 0.05886474399976804 1.0 1.0 2
0.6345352860626576 0.0 0.0 0.0 3
0.9770556497099845 0.0 0.0 0.0 4
*** t = 29
0.5997854873887337 0.0 0.0 0.0 1
1.0 0.14031587815359634 1.0 1.0 2
0.5207465599012124 0.0 0.0 0.0 3
0.8491876059237327 0.0 0.0 0.0 4
*** t = 30
0.5260899867249829 0.0 0.0 0.0 1
1.0 0.22176701230742463 1.0 1.0 2
0.40695783373976724 0.0 0.0 0.0 3
0.7213195621374805 0.0 0.0 0.0 4
1.0 1.0 1.0 0.0 5
0.0 0.0 1.0 0.0 6
*** t = 31
0.45239448606123195 0.0 0.0 0.0 1
1.0 0.3032181464612529 1.0 1.0 2
0.29316910757832204 0.0 0.0 0.0 3
0.5934515183512287 0.0 0.0 0.0 4
1.0 0.8483070501168535 1.0 0.0 5
0.16428940168268572 0.0 1.0 0.0 6
*** t = 32
0.37869898539748115 0.0 0.0 0.0 1
1.0 0.3846692806150812 1.0 1.0 2
0.17938038141687684 0.0 0.0 0.0 3
0.46558347456497673 0.0 0.0 0.0 4
1.0 0.6966141002337072 1.0 0.0 5
0.32857880336537143 0.0 1.0 0.0 6
2.0 0.0 1.0 0.0 7
*** t = 33
0.30500348473373023 0.0 0.0 0.0 1
1.0 0.46612041476890953 1.0 1.0 2
0.06559165525543165 0.0 0.0 0.0 3
0.3377154307787248 0.0 0.0 0.0 4
1.0 0.5449211503505608 1.0 0.0 5
0.4928682050480572 0.0 1.0 0.0 6
1.8777794833215307 0.0 1.0 0.0 7
*** t = 34
0.2313079840699794 0.0 0.0 0.0 1
1.0 0.5475715489227378 1.0 1.0 2
0.20984738699247288 0.0 0.0 0.0 4
1.0 0.39322820046741436 1.0 0.0 5
0.6571576067307429 0.0 1.0 0.0 6
1.755558966643061 0.0 1.0 0.0 7
*** t = 35
0.15761248340622858 0.0 0.0 0.0 1
1.0 0.6290226830765662 1.0 1.0 2
0.08197934320622097 0.0 0.0 0.0 4
1.0 0.24153525058426795 1.0 0.0 5
0.8214470084134285 0.0 1.0 0.0 6
1.633338449964592 0.0 1.0 0.0 7
*** t = 36
0.08391698274247773 0.0 0.0 0.0 1
1.0 0.7104738172303945 1.0 1.0 2
1.0 0.08984230070112148 1.0 0.0 5
0.9857364100961142 0.0 1.0 0.0 6
1.5111179332861226 0.0 1.0 0.0 7
*** t = 37
0.010221482078726894 0.0 0.0 0.0 1
1.0 0.7919249513842229 1.0 1.0 2
0.9381493508179752 0.0 0.0 0.0 5
1.0 0.15002581177880003 1.0 1.0 6
1.388897416607653 0.0 1.0 0.0 7
*** t = 38
1.0 0.8733760855380511 1.0 1.0 2
0.7864564009348288 0.0 0.0 0.0 5
1.0 0.3143152134614857 1.0 1.0 6
1.2666768999291838 0.0 1.0 0.0 7
*** t = 39
1.0 0.9548272196918794 1.0 1.0 2
0.6347634510516824 0.0 0.0 0.0 5
1.0 0.4786046151441714 1.0 1.0 6
1.1444563832507146 0.0 1.0 0.0 7
*** t = 40
0.483070501168536 0.0 0.0 0.0 5
1.0 0.6428940168268571 1.0 1.0 6
1.022235866572245 0.0 1.0 0.0 7
1.0 1.0 1.0 0.0 8
*** t = 41
0.33137755128538954 0.0 0.0 0.0 5
1.0 0.8071834185095428 1.0 1.0 6
1.0 0.09998465010622425 1.0 1.0 7
1.0 0.8459695346805546 1.0 0.0 8
*** t = 42
0.17968460140224324 0.0 0.0 0.0 5
1.0 0.9714728201922285 1.0 1.0 6
1.0 0.2222051667846936 1.0 1.0 7
1.0 0.6919390693611092 1.0 0.0 8
*** t = 43
0.02799165151909676 0.0 0.0 0.0 5
1.0 0.34442568346316293 1.0 1.0 7
1.0 0.5379086040416639 1.0 0.0 8
*** t = 44
1.0 0.4666462001416323 1.0 1.0 7
1.0 0.38387813872221854 1.0 0.0 8
*** t = 45
1.0 0.5888667168201016 1.0 1.0 7
1.0 0.2298476734027733 1.0 0.0 8
0.0 0.0 1.0 0.0 9
*** t = 46
1.0 0.7110872334985711 1.0 1.0 7
1.0 0.0758172080833279 1.0 0.0 8
0.14539749433340643 0.0 1.0 0.0 9
*** t = 47
1.0 0.8333077501770403 1.0 1.0 7
1.0782132572361174 0.0 2.0 0.0 8
0.29079498866681286 0.0 1.0 0.0 9
*** t = 48
1.0 0.9555282668555097 1.0 1.0 7
1.2322437225555627 0.0 2.0 0.0 8
0.4361924830002193 0.0 1.0 0.0 9
2.0 0.0 1.0 0.0 10
*** t = 49
1.386274187875008 0.0 2.0 0.0 8
0.5815899773336257 0.0 1.0 0.0 9
1.8559963982074124 0.0 1.0 0.0 10
*** t = 50
1.5403046531944533 0.0 2.0 0.0 8
0.7269874716670321 0.0 1.0 0.0 9
1.7119927964148243 0.0 1.0 0.0 10
1.0 1.0 1.0 0.0 11
