*** t = 0
*** t = 1
0.0 2.0 0.0 1.0 1
*** t = 2
0.0 1.8660749908389107 0.0 1.0 1
0.0 0.0 0.0 1.0 2
0.0 2.0 0.0 1.0 3
1.0 2.0 1.0 1.0 4
*** t = 3
0.0 1.7321499816778214 0.0 1.0 1
0.0 0.13296522240126105 0.0 1.0 2
0.0 1.8640534585310657 0.0 1.0 3
1.0 1.8133041661297196 1.0 1.0 4
0.0 2.0 0.0 1.0 5
-1.0 1.0 0.0 1.0 6
1.0 0.0 1.0 1.0 7
2.0 1.0 1.0 1.0 8
*** t = 4
0.0 1.5982249725167321 0.0 1.0 1
0.0 0.2659304448025221 0.0 1.0 2
0.0 1.7281069170621317 0.0 1.0 3
1.0 1.6266083322594391 1.0 1.0 4
0.0 1.878578872229821 0.0 1.0 5
-0.8596466323675314 1.0 0.0 1.0 6
1.0 0.09998242669490523 1.0 1.0 7
1.9388210378829995 1.0 1.0 1.0 8
0.0 0.0 0.0 1.0 9
0.0 2.0 0.0 1.0 10
1.0 2.0 1.0 1.0 11
*** t = 5
0.0 1.4642999633556428 0.0 1.0 1
0.0 0.3988956672037831 0.0 1.0 2
0.0 1.5921603755931977 0.0 1.0 3
1.0 1.4399124983891591 1.0 1.0 4
0.0 1.757157744459642 0.0 1.0 5
-0.7192932647350628 1.0 0.0 1.0 6
1.0 0.19996485338981046 1.0 1.0 7
1.8776420757659988 1.0 1.0 1.0 8
0.0 0.12440635193013085 0.0 1.0 9
0.0 1.9067118833835173 0.0 1.0 10
1.0 1.8669436276475653 1.0 1.0 11
0.0 2.0 0.0 1.0 12
*** t = 6
0.0 1.3303749541945535 0.0 1.0 1
0.0 0.5318608896050442 0.0 1.0 2
0.0 1.4562138341242636 0.0 1.0 3
1.0 1.2532166645188785 1.0 1.0 4
0.0 1.635736616689463 0.0 1.0 5
-0.5789398971025942 1.0 0.0 1.0 6
1.0 0.2999472800847157 1.0 1.0 7
1.8164631136489984 1.0 1.0 1.0 8
0.0 0.2488127038602617 0.0 1.0 9
0.0 1.8134237667670343 0.0 1.0 10
1.0 1.7338872552951308 1.0 1.0 11
0.0 1.8254491060367188 0.0 1.0 12
0.0 0.0 0.0 1.0 13
0.0 2.0 0.0 1.0 14
-1.0 1.0 0.0 1.0 15
1.0 0.0 1.0 1.0 16
1.0 2.0 1.0 1.0 17
2.0 1.0 1.0 1.0 18
*** t = 7
0.0 1.1964499450334642 0.0 1.0 1
0.0 0.6648261120063053 0.0 1.0 2
0.0 1.3202672926553294 0.0 1.0 3
1.0 1.066520830648598 1.0 1.0 4
0.0 1.514315488919284 0.0 1.0 5
-0.4385865294701256 1.0 0.0 1.0 6
1.0 0.3999297067796209 1.0 1.0 7
1.7552841515319977 1.0 1.0 1.0 8
0.0 0.37321905579039255 0.0 1.0 9
0.0 1.7201356501505516 0.0 1.0 10
1.0 1.600830882942696 1.0 1.0 11
0.0 1.6508982120734381 0.0 1.0 12
0.0 0.12027757606270467 0.0 1.0 13
0.0 1.8624219527600578 0.0 1.0 14
-0.8808766459903393 1.0 0.0 1.0 15
1.0 0.15960733187269863 1.0 1.0 16
1.0 1.8484586041285136 1.0 1.0 17
1.8387720857780736 1.0 1.0 1.0 18
0.0 2.0 0.0 1.0 19
*** t = 8
0.0 1.062524935872375 0.0 1.0 1
0.0 0.7977913344075663 0.0 1.0 2
0.0 1.1843207511863951 0.0 1.0 3
1.0 1.0 0.0 1.0 4
0.0 1.392894361149105 0.0 1.0 5
-0.29823316183765697 1.0 0.0 1.0 6
1.0 0.4999121334745261 1.0 1.0 7
1.6941051894149972 1.0 1.0 1.0 8
0.0 0.4976254077205234 0.0 1.0 9
0.0 1.6268475335340684 0.0 1.0 10
1.0 1.4677745105902615 1.0 1.0 11
0.0 1.4763473181101574 0.0 1.0 12
0.0 0.24055515212540934 0.0 1.0 13
0.0 1.7248439055201157 0.0 1.0 14
-0.7617532919806785 1.0 0.0 1.0 15
1.0 0.31921466374539725 1.0 1.0 16
1.0 1.696917208257027 1.0 1.0 17
1.677544171556147 1.0 1.0 1.0 18
0.0 1.8440298998036562 0.0 1.0 19
0.0 0.0 0.0 1.0 20
0.0 2.0 0.0 1.0 21
1.0 2.0 1.0 1.0 22
*** t = 9
0.0 1.0 0.0 0.0 1
0.0 0.9307565568088275 0.0 1.0 2
0.0 1.048374209717461 0.0 1.0 3
0.8133041661297196 1.0 0.0 1.0 4
0.0 1.2714732333789258 0.0 1.0 5
-0.15787979420518825 1.0 0.0 1.0 6
1.0 0.5998945601694313 1.0 1.0 7
1.6329262272979965 1.0 1.0 1.0 8
0.0 0.6220317596506543 0.0 1.0 9
0.0 1.5335594169175857 0.0 1.0 10
1.0 1.334718138237827 1.0 1.0 11
0.0 1.3017964241468762 0.0 1.0 12
0.0 0.360832728188114 0.0 1.0 13
0.0 1.587265858280174 0.0 1.0 14
-0.6426299379710179 1.0 0.0 1.0 15
1.0 0.4788219956180959 1.0 1.0 16
1.0 1.5453758123855406 1.0 1.0 17
1.5163162573342204 1.0 1.0 1.0 18
0.0 1.6880597996073123 0.0 1.0 19
0.0 0.13495855098660856 0.0 1.0 20
0.0 1.916425344028931 0.0 1.0 21
1.0 1.8645496362507645 1.0 1.0 22
0.0 2.0 0.0 1.0 23
-1.0 1.0 0.0 1.0 24
1.0 0.0 1.0 1.0 25
2.0 1.0 1.0 1.0 26
*** t = 10
0.0 0.8660749908389107 0.0 0.0 1
0.0 1.0 1.0 1.0 2
0.0 1.0 1.0 1.0 3
0.6266083322594392 1.0 0.0 1.0 4
0.0 1.150052105608747 0.0 1.0 5
-0.01752642657271963 1.0 0.0 1.0 6
1.0 0.6998769868643364 1.0 1.0 7
1.5717472651809958 1.0 1.0 1.0 8
0.0 0.7464381115807851 0.0 1.0 9
0.0 1.440271300301103 0.0 1.0 10
1.0 1.2016617658853923 1.0 1.0 11
0.0 1.1272455301835955 0.0 1.0 12
0.0 0.4811103042508187 0.0 1.0 13
0.0 1.4496878110402318 0.0 1.0 14
-0.5235065839613572 1.0 0.0 1.0 15
1.0 0.6384293274907945 1.0 1.0 16
1.0 1.3938344165140542 1.0 1.0 17
1.3550883431122938 1.0 1.0 1.0 18
0.0 1.5320896994109683 0.0 1.0 19
0.0 0.2699171019732171 0.0 1.0 20
0.0 1.8328506880578619 0.0 1.0 21
1.0 1.7290992725015293 1.0 1.0 22
0.0 1.874856898967531 0.0 1.0 23
-0.8409742993608663 1.0 0.0 1.0 24
1.0 0.08320265701305915 1.0 1.0 25
1.8672876330345947 1.0 1.0 1.0 26
0.0 0.0 0.0 1.0 27
0.0 2.0 0.0 1.0 28
1.0 2.0 1.0 1.0 29
*** t = 11
0.0 0.7321499816778214 0.0 0.0 1
0.13296522240126105 1.0 1.0 1.0 2
0.13594654146893412 1.0 1.0 1.0 3
0.4399124983891589 1.0 0.0 1.0 4
0.0 1.0286309778385678 0.0 1.0 5
0.0 1.0 1.0 1.0 6
1.0 0.7998594135592417 1.0 1.0 7
1.5105683030639954 1.0 1.0 1.0 8
0.0 0.870844463510916 0.0 1.0 9
0.0 1.3469831836846202 0.0 1.0 10
1.0 1.0686053935329576 1.0 1.0 11
0.0 1.0 1.0 1.0 12
0.0 0.6013878803135233 0.0 1.0 13
0.0 1.3121097638002897 0.0 1.0 14
-0.4043832299516965 1.0 0.0 1.0 15
1.0 0.798036659363493 1.0 1.0 16
1.0 1.2422930206425675 1.0 1.0 17
1.1938604288903671 1.0 1.0 1.0 18
0.0 1.3761195992146245 0.0 1.0 19
0.0 0.40487565295982564 0.0 1.0 20
0.0 1.7492760320867928 0.0 1.0 21
1.0 1.5936489087522938 1.0 1.0 22
0.0 1.7497137979350614 0.0 1.0 23
-0.6819485987217325 1.0 0.0 1.0 24
1.0 0.1664053140261183 1.0 1.0 25
1.7345752660691889 1.0 1.0 1.0 26
0.0 0.13846453486684326 0.0 1.0 27
0.0 1.8853346562174125 0.0 1.0 28
1.0 1.8416998294458715 1.0 1.0 29
0.0 2.0 0.0 1.0 30
*** t = 12
0.0 0.5982249725167321 0.0 0.0 1
0.2659304448025221 1.0 1.0 1.0 2
0.27189308293786824 1.0 1.0 1.0 3
0.2532166645188785 1.0 0.0 1.0 4
0.0 1.0 -1.0 1.0 5
0.1403533676324686 1.0 1.0 1.0 6
1.0 0.8998418402541469 1.0 1.0 7
1.4493893409469951 1.0 1.0 1.0 8
0.0 0.9952508154410468 0.0 1.0 9
0.0 1.2536950670681373 0.0 1.0 10
1.0 1.0 0.0 1.0 11
0.1745508939632809 1.0 1.0 1.0 12
0.0 0.7216654563762279 0.0 1.0 13
0.0 1.1745317165603475 0.0 1.0 14
-0.28525987594203583 1.0 0.0 1.0 15
1.0 0.9576439912361917 1.0 1.0 16
1.0 1.090751624771081 1.0 1.0 17
1.0326325146684405 1.0 1.0 1.0 18
0.0 1.2201494990182806 0.0 1.0 19
0.0 0.5398342039464342 0.0 1.0 20
0.0 1.6657013761157236 0.0 1.0 21
1.0 1.4581985450030583 1.0 1.0 22
0.0 1.6245706969025924 0.0 1.0 23
-0.5229228980825988 1.0 0.0 1.0 24
1.0 0.24960797103917745 1.0 1.0 25
1.6018628991037835 1.0 1.0 1.0 26
0.0 0.27692906973368653 0.0 1.0 27
0.0 1.770669312434825 0.0 1.0 28
1.0 1.6833996588917435 1.0 1.0 29
0.0 1.872346534400551 0.0 1.0 30
0.0 0.0 0.0 1.0 31
0.0 2.0 0.0 1.0 32
-1.0 1.0 0.0 1.0 33
1.0 0.0 1.0 1.0 34
1.0 2.0 1.0 1.0 35
2.0 1.0 1.0 1.0 36
*** t = 13
0.0 0.46429996335564283 0.0 0.0 1
0.3988956672037831 1.0 1.0 1.0 2
0.4078396244068023 1.0 1.0 1.0 3
0.0665208306485981 1.0 0.0 1.0 4
-0.12142112777017902 1.0 -1.0 1.0 5
0.2807067352649372 1.0 1.0 1.0 6
1.0 0.9998242669490521 1.0 1.0 7
1.3882103788299944 1.0 1.0 1.0 8
0.0 1.0 0.0 2.0 9
0.0 1.1604069504516545 0.0 1.0 10
0.8669436276475654 1.0 0.0 1.0 11
0.3491017879265618 1.0 1.0 1.0 12
0.0 0.8419430324389325 0.0 1.0 13
0.0 1.0369536693204056 0.0 1.0 14
-0.16613652193237513 1.0 0.0 1.0 15
1.0 1.0 1.0 2.0 16
1.0 1.0 0.0 1.0 17
1.0 1.0 1.0 0.0 18
0.0 1.0641793988219368 0.0 1.0 19
0.0 0.6747927549330428 0.0 1.0 20
0.0 1.5821267201446545 0.0 1.0 21
1.0 1.3227481812538229 1.0 1.0 22
0.0 1.4994275958701229 0.0 1.0 23
-0.36389719744346516 1.0 0.0 1.0 24
1.0 0.3328106280522366 1.0 1.0 25
1.469150532138378 1.0 1.0 1.0 26
0.0 0.41539360460052976 0.0 1.0 27
0.0 1.6560039686522372 0.0 1.0 28
1.0 1.5250994883376152 1.0 1.0 29
0.0 1.7446930688011022 0.0 1.0 30
0.0 0.09722936593651924 0.0 1.0 31
0.0 1.8784113432353826 0.0 1.0 32
-0.8671808450832772 1.0 0.0 1.0 33
1.0 0.15195396958992188 1.0 1.0 34
1.0 1.8497056808143386 1.0 1.0 35
1.8639679908750708 1.0 1.0 1.0 36
0.0 2.0 0.0 1.0 37
*** t = 14
0.0 0.33037495419455354 0.0 0.0 1
0.5318608896050442 1.0 1.0 1.0 2
0.5437861658757365 1.0 1.0 1.0 3
0.0 1.0 0.0 2.0 4
-0.24284225554035804 1.0 -1.0 1.0 5
0.4210601028974058 1.0 1.0 1.0 6
1.0 1.0 0.0 1.0 7
1.3270314167129937 1.0 1.0 1.0 8
0.0 1.1244063519301308 0.0 2.0 9
0.0 1.0671188338351716 0.0 1.0 10
0.7338872552951308 1.0 0.0 1.0 11
0.5236526818898427 1.0 1.0 1.0 12
0.0 0.9622206085016372 0.0 1.0 13
0.0 1.0 -1.0 1.0 14
-0.04701316792271441 1.0 0.0 1.0 15
1.0 1.1596073318726987 1.0 2.0 16
0.8484586041285135 1.0 0.0 1.0 17
1.0 0.8387720857780735 1.0 0.0 18
0.0 1.0 1.0 1.0 19
0.0 0.8097513059196514 0.0 1.0 20
0.0 1.4985520641735854 0.0 1.0 21
1.0 1.1872978175045874 1.0 1.0 22
0.0 1.3742844948376538 0.0 1.0 23
-0.20487149680433148 1.0 0.0 1.0 24
1.0 0.4160132850652958 1.0 1.0 25
1.3364381651729724 1.0 1.0 1.0 26
0.0 0.5538581394673731 0.0 1.0 27
0.0 1.5413386248696497 0.0 1.0 28
1.0 1.3667993177834867 1.0 1.0 29
0.0 1.6170396032016532 0.0 1.0 30
0.0 0.19445873187303847 0.0 1.0 31
0.0 1.7568226864707652 0.0 1.0 32
-0.7343616901665544 1.0 0.0 1.0 33
1.0 0.30390793917984377 1.0 1.0 34
1.0 1.6994113616286777 1.0 1.0 35
1.7279359817501412 1.0 1.0 1.0 36
0.0 1.8691462821179192 0.0 1.0 37
0.0 0.0 0.0 1.0 38
0.0 2.0 0.0 1.0 39
1.0 2.0 1.0 1.0 40
*** t = 15
0.0 0.19644994503346425 0.0 0.0 1
0.6648261120063053 1.0 1.0 1.0 2
0.6797327073446706 1.0 1.0 1.0 3
0.0 1.1866958338702804 0.0 2.0 4
-0.3642633833105371 1.0 -1.0 1.0 5
0.5614134705298744 1.0 1.0 1.0 6
0.9000175733050948 1.0 0.0 1.0 7
1.2658524545959933 1.0 1.0 1.0 8
0.0 1.2488127038602617 0.0 2.0 9
0.0 1.0 0.0 0.0 10
0.6008308829426962 1.0 0.0 1.0 11
0.6982035758531236 1.0 1.0 1.0 12
0.0 1.0 0.0 2.0 13
-0.13757804723994208 1.0 -1.0 1.0 14
0.0 1.0 0.0 2.0 15
1.0 1.3192146637453974 1.0 2.0 16
0.6969172082570271 1.0 0.0 1.0 17
1.0 0.6775441715561469 1.0 0.0 18
0.15597010019634389 1.0 1.0 1.0 19
0.0 0.94470985690626 0.0 1.0 20
0.0 1.4149774082025164 0.0 1.0 21
1.0 1.051847453755352 1.0 1.0 22
0.0 1.2491413938051843 0.0 1.0 23
-0.04584579616519775 1.0 0.0 1.0 24
1.0 0.49921594207835496 1.0 1.0 25
1.2037257982075669 1.0 1.0 1.0 26
0.0 0.6923226743342163 0.0 1.0 27
0.0 1.426673281087062 0.0 1.0 28
1.0 1.2084991472293587 1.0 1.0 29
0.0 1.4893861376022044 0.0 1.0 30
0.0 0.29168809780955773 0.0 1.0 31
0.0 1.6352340297061474 0.0 1.0 32
-0.6015425352498316 1.0 0.0 1.0 33
1.0 0.45586190876976557 1.0 1.0 34
1.0 1.5491170424430163 1.0 1.0 35
1.591903972625212 1.0 1.0 1.0 36
0.0 1.7382925642358384 0.0 1.0 37
0.0 0.13976128776278213 0.0 1.0 38
0.0 1.896604579510379 0.0 1.0 39
1.0 1.8281674614828374 1.0 1.0 40
0.0 2.0 0.0 1.0 41
-1.0 1.0 0.0 1.0 42
1.0 0.0 1.0 1.0 43
2.0 1.0 1.0 1.0 44
*** t = 16
0.0 0.06252493587237495 0.0 0.0 1
0.7977913344075663 1.0 1.0 1.0 2
0.8156792488136049 1.0 1.0 1.0 3
0.0 1.3733916677405609 0.0 2.0 4
-0.4856845110807161 1.0 -1.0 1.0 5
0.701766838162343 1.0 1.0 1.0 6
0.8000351466101896 1.0 0.0 1.0 7
1.2046734924789926 1.0 1.0 1.0 8
0.0 1.3732190557903925 0.0 2.0 9
0.0 0.9067118833835172 0.0 0.0 10
0.46777451059026154 1.0 0.0 1.0 11
0.8727544698164046 1.0 1.0 1.0 12
0.0 1.1202775760627046 0.0 2.0 13
-0.27515609447988415 1.0 -1.0 1.0 14
0.0 1.1191233540096608 0.0 2.0 15
1.0 1.478821995618096 1.0 2.0 16
0.5453758123855404 1.0 0.0 1.0 17
1.0 0.5163162573342204 1.0 0.0 18
0.31194020039268777 1.0 1.0 1.0 19
0.0 1.0 1.0 1.0 20
0.0 1.3314027522314473 0.0 1.0 21
1.0 1.0 1.0 0.0 22
0.0 1.123998292772715 0.0 1.0 23
0.0 1.0 0.0 2.0 24
1.0 0.5824185990914141 1.0 1.0 25
1.0710134312421613 1.0 1.0 1.0 26
0.0 0.8307872092010596 0.0 1.0 27
0.0 1.3120079373044744 0.0 1.0 28
1.0 1.0501989766752302 1.0 1.0 29
0.0 1.3617326720027554 0.0 1.0 30
0.0 0.38891746374607694 0.0 1.0 31
0.0 1.51364537294153 0.0 1.0 32
-0.46872338033310884 1.0 0.0 1.0 33
1.0 0.6078158783596875 1.0 1.0 34
1.0 1.3988227232573553 1.0 1.0 35
1.4558719635002828 1.0 1.0 1.0 36
0.0 1.6074388463537577 0.0 1.0 37
0.0 0.27952257552556425 0.0 1.0 38
0.0 1.793209159020758 0.0 1.0 39
1.0 1.6563349229656745 1.0 1.0 40
0.0 1.8882391485854477 0.0 1.0 41
-0.8571773396178264 1.0 0.0 1.0 42
1.0 0.1356750908655766 1.0 1.0 43
1.8778965144351705 1.0 1.0 1.0 44
0.0 0.0 0.0 1.0 45
0.0 2.0 0.0 1.0 46
1.0 2.0 1.0 1.0 47
*** t = 17
0.9307565568088275 1.0 1.0 1.0 2
0.9516257902825389 1.0 1.0 1.0 3
0.0 1.5600875016108409 0.0 2.0 4
-0.6071056388508951 1.0 -1.0 1.0 5
0.8421202057948117 1.0 1.0 1.0 6
0.7000527199152843 1.0 0.0 1.0 7
1.143494530361992 1.0 1.0 1.0 8
0.0 1.4976254077205235 0.0 2.0 9
0.0 0.8134237667670342 0.0 0.0 10
0.334718138237827 1.0 0.0 1.0 11
1.0 1.0 1.0 2.0 12
0.0 1.2405551521254095 0.0 2.0 13
-0.41273414171982625 1.0 -1.0 1.0 14
0.0 1.2382467080193214 0.0 2.0 15
1.0 1.6384293274907946 1.0 2.0 16
0.39383441651405393 1.0 0.0 1.0 17
1.0 0.35508834311229376 1.0 0.0 18
0.46791030058903166 1.0 1.0 1.0 19
0.13495855098660856 1.0 1.0 1.0 20
0.0 1.2478280962603783 0.0 1.0 21
1.0 0.8645496362507646 1.0 0.0 22
0.0 1.0 -1.0 1.0 23
0.0 1.1590257006391338 0.0 2.0 24
1.0 0.6656212561044732 1.0 1.0 25
1.0 1.0 0.0 1.0 26
0.0 0.9692517440679029 0.0 1.0 27
0.0 1.1973425935218867 0.0 1.0 28
1.0 1.0 0.0 1.0 29
0.0 1.2340792064033066 0.0 1.0 30
0.0 0.48614682968259615 0.0 1.0 31
0.0 1.3920567161769122 0.0 1.0 32
-0.33590422541638604 1.0 0.0 1.0 33
1.0 0.7597698479496094 1.0 1.0 34
1.0 1.248528404071694 1.0 1.0 35
1.3198399543753532 1.0 1.0 1.0 36
0.0 1.4765851284716769 0.0 1.0 37
0.0 0.41928386328834644 0.0 1.0 38
0.0 1.689813738531137 0.0 1.0 39
1.0 1.4845023844485115 1.0 1.0 40
0.0 1.7764782971708957 0.0 1.0 41
-0.714354679235653 1.0 0.0 1.0 42
1.0 0.2713501817311532 1.0 1.0 43
1.7557930288703412 1.0 1.0 1.0 44
0.0 0.1309561870601449 0.0 1.0 45
0.0 1.9311217800500833 0.0 1.0 46
1.0 1.864364333381072 1.0 1.0 47
0.0 2.0 0.0 1.0 48
*** t = 18
1.0 1.0 2.0 1.0 2
1.0 1.0 1.0 2.0 3
0.0 1.7467833354811217 0.0 2.0 4
-0.7285267666210742 1.0 -1.0 1.0 5
0.9824735734272804 1.0 1.0 1.0 6
0.6000702932203791 1.0 0.0 1.0 7
1.0823155682449914 1.0 1.0 1.0 8
0.0 1.6220317596506544 0.0 2.0 9
0.0 0.7201356501505515 0.0 0.0 10
0.2016617658853923 1.0 0.0 1.0 11
1.0 1.174550893963281 1.0 2.0 12
0.0 1.3608327281881138 0.0 2.0 13
-0.5503121889597683 1.0 -1.0 1.0 14
0.0 1.3573700620289821 0.0 2.0 15
1.0 1.798036659363493 1.0 2.0 16
0.2422930206425674 1.0 0.0 1.0 17
1.0 0.19386042889036717 1.0 0.0 18
0.6238804007853755 1.0 1.0 1.0 19
0.2699171019732171 1.0 1.0 1.0 20
0.0 1.1642534402893094 0.0 1.0 21
1.0 0.7290992725015292 1.0 0.0 22
-0.12514310103246926 1.0 -1.0 1.0 23
0.0 1.3180514012782674 0.0 2.0 24
1.0 0.7488239131175325 1.0 1.0 25
0.8672876330345944 1.0 0.0 1.0 26
0.0 1.0 1.0 1.0 27
0.0 1.082677249739299 0.0 1.0 28
0.8416998294458717 1.0 0.0 1.0 29
0.0 1.1064257408038578 0.0 1.0 30
0.0 0.5833761956191154 0.0 1.0 31
0.0 1.270468059412295 0.0 1.0 32
-0.20308507049966323 1.0 0.0 1.0 33
1.0 0.9117238175395314 1.0 1.0 34
1.0 1.0982340848860328 1.0 1.0 35
1.183807945250424 1.0 1.0 1.0 36
0.0 1.345731410589596 0.0 1.0 37
0.0 0.5590451510511285 0.0 1.0 38
0.0 1.586418318041516 0.0 1.0 39
1.0 1.3126698459313488 1.0 1.0 40
0.0 1.6647174457563434 0.0 1.0 41
-0.5715320188534795 1.0 0.0 1.0 42
1.0 0.4070252725967298 1.0 1.0 43
1.6336895433055116 1.0 1.0 1.0 44
0.0 0.2619123741202898 0.0 1.0 45
0.0 1.862243560100167 0.0 1.0 46
1.0 1.7287286667621442 1.0 1.0 47
0.0 1.8674041414797253 0.0 1.0 48
0.0 0.0 0.0 1.0 49
0.0 2.0 0.0 1.0 50
-1.0 1.0 0.0 1.0 51
1.0 0.0 1.0 1.0 52
1.0 2.0 1.0 1.0 53
2.0 1.0 1.0 1.0 54
*** t = 19
1.1329652224012612 1.0 2.0 1.0 2
1.0 1.1359465414689343 1.0 2.0 3
0.0 1.9334791693514017 0.0 2.0 4
-0.8499478943912532 1.0 -1.0 1.0 5
1.0 1.0 1.0 0.0 6
0.5000878665254739 1.0 0.0 1.0 7
1.0211366061279907 1.0 1.0 1.0 8
0.0 1.746438111580785 0.0 2.0 9
0.0 0.6268475335340686 0.0 0.0 10
0.06860539353295764 1.0 0.0 1.0 11
1.0 1.3491017879265619 1.0 2.0 12
0.0 1.4811103042508187 0.0 2.0 13
-0.6878902361997103 1.0 -1.0 1.0 14
0.0 1.476493416038643 0.0 2.0 15
1.0 1.9576439912361918 1.0 2.0 16
0.09075162477108094 1.0 0.0 1.0 17
1.0 0.03263251466844053 1.0 0.0 18
0.7798505009817194 1.0 1.0 1.0 19
0.40487565295982564 1.0 1.0 1.0 20
0.0 1.0806787843182404 0.0 1.0 21
1.0 0.5936489087522938 1.0 0.0 22
-0.2502862020649385 1.0 -1.0 1.0 23
0.0 1.4770771019174012 0.0 2.0 24
1.0 0.8320265701305917 1.0 1.0 25
0.734575266069189 1.0 0.0 1.0 26
0.13846453486684326 1.0 1.0 1.0 27
0.0 1.0 1.0 1.0 28
0.6833996588917434 1.0 0.0 1.0 29
0.0 1.0 -1.0 1.0 30
0.0 0.6806055615556346 0.0 1.0 31
0.0 1.1488794026476774 0.0 1.0 32
-0.07026591558294043 1.0 0.0 1.0 33
1.0 1.0 0.0 1.0 34
1.0 1.0 2.0 1.0 35
1.0477759361254948 1.0 1.0 1.0 36
0.0 1.2148776927075153 0.0 1.0 37
0.0 0.6988064388139105 0.0 1.0 38
0.0 1.4830228975518949 0.0 1.0 39
1.0 1.140837307414186 1.0 1.0 40
0.0 1.5529565943417913 0.0 1.0 41
-0.428709358471306 1.0 0.0 1.0 42
1.0 0.5427003634623064 1.0 1.0 43
1.5115860577406823 1.0 1.0 1.0 44
0.0 0.39286856118043467 0.0 1.0 45
0.0 1.7933653401502505 0.0 1.0 46
1.0 1.5930930001432162 1.0 1.0 47
0.0 1.7348082829594507 0.0 1.0 48
0.0 0.14424844987099839 0.0 1.0 49
0.0 1.8295348888536749 0.0 1.0 50
-0.8568310489067034 1.0 0.0 1.0 51
1.0 0.15728105082739516 1.0 1.0 52
1.0 1.8319907462590743 1.0 1.0 53
1.82936891488073 1.0 1.0 1.0 54
0.0 2.0 0.0 1.0 55
*** t = 20
1.2659304448025221 1.0 2.0 1.0 2
1.0 1.2718930829378683 1.0 2.0 3
-0.9713690221614322 1.0 -1.0 1.0 5
1.0 0.8596466323675314 1.0 0.0 6
0.4001054398305687 1.0 0.0 1.0 7
1.0 1.0 1.0 0.0 8
0.0 1.870844463510916 0.0 2.0 9
0.0 0.5335594169175858 0.0 0.0 10
0.0 1.0 0.0 0.0 11
1.0 1.5236526818898426 1.0 2.0 12
0.0 1.6013878803135233 0.0 2.0 13
-0.8254682834396525 1.0 -1.0 1.0 14
0.0 1.5956167700483035 0.0 2.0 15
0.0 1.0 0.0 0.0 17
0.9358206011780632 1.0 1.0 1.0 19
0.5398342039464342 1.0 1.0 1.0 20
0.0 1.0 1.0 1.0 21
1.0 0.45819854500305834 1.0 0.0 22
-0.37542930309740774 1.0 -1.0 1.0 23
0.0 1.636102802556535 0.0 2.0 24
1.0 0.9152292271436508 1.0 1.0 25
0.6018628991037835 1.0 0.0 1.0 26
0.27692906973368653 1.0 1.0 1.0 27
0.11466534378258761 1.0 1.0 1.0 28
0.5250994883376151 1.0 0.0 1.0 29
-0.1276534655994489 1.0 -1.0 1.0 30
0.0 0.7778349274921539 0.0 1.0 31
0.0 1.02729074588306 0.0 1.0 32
0.0 1.0 0.0 0.0 33
0.8480460304100781 1.0 0.0 1.0 34
1.1502943191856612 1.0 2.0 1.0 35
1.0 1.0 1.0 2.0 36
0.0 1.0840239748254346 0.0 1.0 37
0.0 0.8385677265766927 0.0 1.0 38
0.0 1.3796274770622738 0.0 1.0 39
1.0 1.0 2.0 1.0 40
0.0 1.441195742927239 0.0 1.0 41
-0.28588669808913253 1.0 0.0 1.0 42
1.0 0.678375454327883 1.0 1.0 43
1.3894825721758528 1.0 1.0 1.0 44
0.0 0.5238247482405796 0.0 1.0 45
0.0 1.7244871202003338 0.0 1.0 46
1.0 1.4574573335242882 1.0 1.0 47
0.0 1.6022124244391762 0.0 1.0 48
0.0 0.28849689974199677 0.0 1.0 49
0.0 1.6590697777073495 0.0 1.0 50
-0.7136620978134067 1.0 0.0 1.0 51
1.0 0.3145621016547903 1.0 1.0 52
1.0 1.6639814925181489 1.0 1.0 53
1.6587378297614601 1.0 1.0 1.0 54
0.0 1.8752977872885344 0.0 1.0 55
0.0 0.0 0.0 1.0 56
0.0 2.0 0.0 1.0 57
1.0 2.0 1.0 1.0 58
*** t = 21
1.3988956672037829 1.0 2.0 1.0 2
1.0 1.4078396244068023 1.0 2.0 3
1.0 0.7192932647350628 1.0 0.0 6
0.30012301313566353 1.0 0.0 1.0 7
1.0 0.9388210378829994 1.0 0.0 8
0.0 1.9952508154410469 0.0 2.0 9
0.0 0.44027130030110295 0.0 0.0 10
0.0 0.8669436276475654 0.0 0.0 11
1.0 1.6982035758531238 1.0 2.0 12
0.0 1.721665456376228 0.0 2.0 13
-0.9630463306795944 1.0 -1.0 1.0 14
0.0 1.7147401240579643 0.0 2.0 15
0.0 0.8484586041285135 0.0 0.0 17
1.0 1.0 1.0 2.0 19
0.6747927549330428 1.0 1.0 1.0 20
0.08357465597106907 1.0 1.0 1.0 21
1.0 0.3227481812538228 1.0 0.0 22
-0.500572404129877 1.0 -1.0 1.0 23
0.0 1.7951285031956683 0.0 2.0 24
1.0 0.9984318841567101 1.0 1.0 25
0.469150532138378 1.0 0.0 1.0 26
0.41539360460052976 1.0 1.0 1.0 27
0.22933068756517522 1.0 1.0 1.0 28
0.3667993177834868 1.0 0.0 1.0 29
-0.2553069311988978 1.0 -1.0 1.0 30
0.0 0.875064293428673 0.0 1.0 31
0.0 1.0 1.0 1.0 32
0.0 0.8671808450832772 0.0 0.0 33
0.6960920608201562 1.0 0.0 1.0 34
1.3005886383713223 1.0 2.0 1.0 35
1.0 1.1360320091249294 1.0 2.0 36
0.0 1.0 0.0 0.0 37
0.0 0.9783290143394747 0.0 1.0 38
0.0 1.2762320565726528 0.0 1.0 39
1.1718325385171626 1.0 2.0 1.0 40
0.0 1.329434891512687 0.0 1.0 41
-0.14306403770695894 1.0 0.0 1.0 42
1.0 0.8140505451934597 1.0 1.0 43
1.2673790866110233 1.0 1.0 1.0 44
0.0 0.6547809353007245 0.0 1.0 45
0.0 1.655608900250417 0.0 1.0 46
1.0 1.3218216669053604 1.0 1.0 47
0.0 1.4696165659189016 0.0 1.0 48
0.0 0.43274534961299516 0.0 1.0 49
0.0 1.488604666561024 0.0 1.0 50
-0.5704931467201101 1.0 0.0 1.0 51
1.0 0.47184315248218545 1.0 1.0 52
1.0 1.4959722387772232 1.0 1.0 53
1.48810674464219 1.0 1.0 1.0 54
0.0 1.750595574577069 0.0 1.0 55
0.0 0.10800122412083293 0.0 1.0 56
0.0 1.8549578385674397 0.0 1.0 57
1.0 1.8640171570046582 1.0 1.0 58
0.0 2.0 0.0 1.0 59
-1.0 1.0 0.0 1.0 60
1.0 0.0 1.0 1.0 61
2.0 1.0 1.0 1.0 62
*** t = 22
1.5318608896050443 1.0 2.0 1.0 2
1.0 1.5437861658757364 1.0 2.0 3
1.0 0.5789398971025942 1.0 0.0 6
0.2001405864407583 1.0 0.0 1.0 7
1.0 0.8776420757659988 1.0 0.0 8
0.0 0.3469831836846201 0.0 0.0 10
0.0 0.7338872552951308 0.0 0.0 11
1.0 1.8727544698164047 1.0 2.0 12
0.0 1.8419430324389328 0.0 2.0 13
0.0 1.833863478067625 0.0 2.0 15
0.0 0.6969172082570271 0.0 0.0 17
1.0 1.1559701001963438 1.0 2.0 19
0.8097513059196514 1.0 1.0 1.0 20
0.16714931194213814 1.0 1.0 1.0 21
1.0 0.1872978175045874 1.0 0.0 22
-0.6257155051623463 1.0 -1.0 1.0 23
0.0 1.9541542038348023 0.0 2.0 24
1.0 1.0 2.0 1.0 25
0.33643816517297237 1.0 0.0 1.0 26
0.5538581394673731 1.0 1.0 1.0 27
0.3439960313477628 1.0 1.0 1.0 28
0.20849914722935864 1.0 0.0 1.0 29
-0.3829603967983467 1.0 -1.0 1.0 30
0.0 0.9722936593651922 0.0 1.0 31
0.12158865676461751 1.0 1.0 1.0 32
0.0 0.7343616901665544 0.0 0.0 33
0.5441380912302344 1.0 0.0 1.0 34
1.4508829575569837 1.0 2.0 1.0 35
1.0 1.2720640182498586 1.0 2.0 36
0.0 0.8691462821179192 0.0 0.0 37
0.0 1.0 1.0 1.0 38
0.0 1.1728366360830318 0.0 1.0 39
1.3436650770343255 1.0 2.0 1.0 40
0.0 1.217674040098135 0.0 1.0 41
-2.4137732478550335E-4 1.0 0.0 1.0 42
1.0 0.9497256360590363 1.0 1.0 43
1.145275601046194 1.0 1.0 1.0 44
0.0 0.7857371223608693 0.0 1.0 45
0.0 1.5867306803005008 0.0 1.0 46
1.0 1.1861860002864326 1.0 1.0 47
0.0 1.3370207073986267 0.0 1.0 48
0.0 0.5769937994839935 0.0 1.0 49
0.0 1.318139555414699 0.0 1.0 50
-0.42732419562681345 1.0 0.0 1.0 51
1.0 0.6291242033095806 1.0 1.0 52
1.0 1.3279629850362977 1.0 1.0 53
1.31747565952292 1.0 1.0 1.0 54
0.0 1.6258933618656033 0.0 1.0 55
0.0 0.21600244824166587 0.0 1.0 56
0.0 1.7099156771348791 0.0 1.0 57
1.0 1.7280343140093166 1.0 1.0 58
0.0 1.8915016895810737 0.0 1.0 59
-0.8844673503060201 1.0 0.0 1.0 60
1.0 0.08989562724351094 1.0 1.0 61
1.872879999694981 1.0 1.0 1.0 62
0.0 0.0 0.0 1.0 63
0.0 2.0 0.0 1.0 64
1.0 2.0 1.0 1.0 65
*** t = 23
1.6648261120063053 1.0 2.0 1.0 2
1.0 1.6797327073446706 1.0 2.0 3
1.0 0.4385865294701256 1.0 0.0 6
0.10015815974585308 1.0 0.0 1.0 7
1.0 0.8164631136489983 1.0 0.0 8
0.0 0.2536950670681372 0.0 0.0 10
0.0 0.6008308829426962 0.0 0.0 11
0.0 1.962220608501637 0.0 2.0 13
0.0 1.9529868320772856 0.0 2.0 15
0.0 0.5453758123855404 0.0 0.0 17
1.0 1.3119402003926877 1.0 2.0 19
0.94470985690626 1.0 1.0 1.0 20
0.2507239679132072 1.0 1.0 1.0 21
1.0 0.051847453755351866 1.0 0.0 22
-0.7508586061948157 1.0 -1.0 1.0 23
1.083202657013059 1.0 2.0 1.0 25
0.20372579820756684 1.0 0.0 1.0 26
0.6923226743342163 1.0 1.0 1.0 27
0.45866137513035043 1.0 1.0 1.0 28
0.05019897667523025 1.0 0.0 1.0 29
-0.5106138623977956 1.0 -1.0 1.0 30
0.0 1.0 0.0 2.0 31
0.24317731352923502 1.0 1.0 1.0 32
0.0 0.6015425352498316 0.0 0.0 33
0.3921841216403125 1.0 0.0 1.0 34
1.6011772767426447 1.0 2.0 1.0 35
1.0 1.408096027374788 1.0 2.0 36
0.0 0.7382925642358384 0.0 0.0 37
0.13976128776278213 1.0 1.0 1.0 38
0.0 1.0694412155934108 0.0 1.0 39
1.5154976155514885 1.0 2.0 1.0 40
0.0 1.1059131886835827 0.0 1.0 41
0.0 1.0 1.0 1.0 42
1.0 1.0 1.0 2.0 43
1.0231721154813647 1.0 1.0 1.0 44
0.0 0.9166933094210142 0.0 1.0 45
0.0 1.5178524603505843 0.0 1.0 46
1.0 1.0505503336675046 1.0 1.0 47
0.0 1.204424848878352 0.0 1.0 48
0.0 0.721242249354992 0.0 1.0 49
0.0 1.1476744442683737 0.0 1.0 50
-0.2841552445335168 1.0 0.0 1.0 51
1.0 0.7864052541369759 1.0 1.0 52
1.0 1.159953731295372 1.0 1.0 53
1.1468445744036502 1.0 1.0 1.0 54
0.0 1.5011911491541376 0.0 1.0 55
0.0 0.32400367236249883 0.0 1.0 56
0.0 1.5648735157023188 0.0 1.0 57
1.0 1.5920514710139748 1.0 1.0 58
0.0 1.7830033791621471 0.0 1.0 59
-0.7689347006120404 1.0 0.0 1.0 60
1.0 0.17979125448702188 1.0 1.0 61
1.7457599993899617 1.0 1.0 1.0 62
0.0 0.16665257808547382 0.0 1.0 63
0.0 1.8790618390154168 0.0 1.0 64
1.0 1.867776428561388 1.0 1.0 65
0.0 2.0 0.0 1.0 66
*** t = 24
1.7977913344075664 1.0 2.0 1.0 2
1.0 1.8156792488136049 1.0 2.0 3
1.0 0.29823316183765697 1.0 0.0 6
1.7573305094785495E-4 1.0 0.0 1.0 7
1.0 0.7552841515319977 1.0 0.0 8
0.0 0.16040695045165448 0.0 0.0 10
0.0 0.46777451059026154 0.0 0.0 11
0.0 0.39383441651405393 0.0 0.0 17
1.0 1.4679103005890317 1.0 2.0 19
1.0 1.0 2.0 1.0 20
0.3342986238842763 1.0 1.0 1.0 21
-0.8760017072272849 1.0 -1.0 1.0 23
1.1664053140261184 1.0 2.0 1.0 25
0.07101343124216129 1.0 0.0 1.0 26
0.8307872092010596 1.0 1.0 1.0 27
0.5733267189129381 1.0 1.0 1.0 28
0.0 1.0 -1.0 1.0 29
-0.6382673279972445 1.0 -1.0 1.0 30
0.0 1.0972293659365193 0.0 2.0 31
0.36476597029385255 1.0 1.0 1.0 32
0.0 0.46872338033310884 0.0 0.0 33
0.24023015205039058 1.0 0.0 1.0 34
1.751471595928306 1.0 2.0 1.0 35
1.0 1.5441280364997172 1.0 2.0 36
0.0 0.6074388463537577 0.0 0.0 37
0.27952257552556425 1.0 1.0 1.0 38
0.0 1.0 1.0 1.0 39
1.6873301540686512 1.0 2.0 1.0 40
0.0 1.0 0.0 0.0 41
0.1428226603821735 1.0 1.0 1.0 42
1.0 1.1356750908655766 1.0 2.0 43
1.0 1.0 1.0 2.0 44
0.0 1.0 -1.0 1.0 45
0.0 1.4489742404006676 0.0 1.0 46
1.0 1.0 0.0 1.0 47
0.0 1.0718289903580775 0.0 1.0 48
0.0 0.8654906992259903 0.0 1.0 49
0.0 1.0 1.0 1.0 50
-0.14098629344022015 1.0 0.0 1.0 51
1.0 0.9436863049643711 1.0 1.0 52
1.0 1.0 1.0 0.0 53
1.0 1.0 1.0 2.0 54
0.0 1.3764889364426722 0.0 1.0 55
0.0 0.43200489648333174 0.0 1.0 56
0.0 1.4198313542697583 0.0 1.0 57
1.0 1.4560686280186328 1.0 1.0 58
0.0 1.6745050687432208 0.0 1.0 59
-0.6534020509180607 1.0 0.0 1.0 60
1.0 0.2696868817305328 1.0 1.0 61
1.618639999084943 1.0 1.0 1.0 62
0.0 0.33330515617094764 0.0 1.0 63
0.0 1.7581236780308336 0.0 1.0 64
1.0 1.7355528571227763 1.0 1.0 65
0.0 1.875875886935139 0.0 1.0 66
0.0 0.0 0.0 1.0 67
0.0 2.0 0.0 1.0 68
-1.0 1.0 0.0 1.0 69
1.0 0.0 1.0 1.0 70
1.0 2.0 1.0 1.0 71
2.0 1.0 1.0 1.0 72
*** t = 25
1.9307565568088274 1.0 2.0 1.0 2
1.0 1.951625790282539 1.0 2.0 3
1.0 0.15787979420518825 1.0 0.0 6
0.0 1.0 0.0 2.0 7
1.0 0.6941051894149972 1.0 0.0 8
0.0 0.06711883383517162 0.0 0.0 10
0.0 0.334718138237827 0.0 0.0 11
0.0 0.2422930206425674 0.0 0.0 17
1.0 1.6238804007853755 1.0 2.0 19
1.1349585509866085 1.0 2.0 1.0 20
0.41787327985534534 1.0 1.0 1.0 21
1.2496079710391774 1.0 2.0 1.0 25
0.0 1.0 0.0 2.0 26
0.9692517440679029 1.0 1.0 1.0 27
0.6879920626955257 1.0 1.0 1.0 28
-0.1583001705541283 1.0 -1.0 1.0 29
-0.7659207935966934 1.0 -1.0 1.0 30
0.0 1.1944587318730384 0.0 2.0 31
0.48635462705847005 1.0 1.0 1.0 32
0.0 0.33590422541638604 0.0 0.0 33
0.08827618246046867 1.0 0.0 1.0 34
1.9017659151139674 1.0 2.0 1.0 35
1.0 1.6801600456246468 1.0 2.0 36
0.0 0.47658512847167683 0.0 0.0 37
0.41928386328834644 1.0 1.0 1.0 38
0.10339542048962101 1.0 1.0 1.0 39
1.859162692585814 1.0 2.0 1.0 40
0.0 0.8882391485854478 0.0 0.0 41
0.285645320764347 1.0 1.0 1.0 42
1.0 1.2713501817311532 1.0 2.0 43
1.0 1.1221034855648293 1.0 2.0 44
-0.1309561870601449 1.0 -1.0 1.0 45
0.0 1.3800960204507513 0.0 1.0 46
0.8643643333810721 1.0 0.0 1.0 47
0.0 1.0 1.0 1.0 48
0.0 1.0 1.0 1.0 49
0.17046511114632526 1.0 1.0 1.0 50
0.0 1.0 0.0 0.0 51
1.0 1.0 2.0 1.0 52
1.0 0.8319907462590744 1.0 0.0 53
1.0 1.17063108511927 1.0 2.0 54
0.0 1.2517867237312064 0.0 1.0 55
0.0 0.5400061206041646 0.0 1.0 56
0.0 1.2747891928371977 0.0 1.0 57
1.0 1.320085785023291 1.0 1.0 58
0.0 1.5660067583242943 0.0 1.0 59
-0.5378694012240808 1.0 0.0 1.0 60
1.0 0.35958250897404376 1.0 1.0 61
1.4915199987799235 1.0 1.0 1.0 62
0.0 0.4999577342564214 0.0 1.0 63
0.0 1.6371855170462504 0.0 1.0 64
1.0 1.6033292856841643 1.0 1.0 65
0.0 1.7517517738702781 0.0 1.0 66
0.0 0.13056319893220375 0.0 1.0 67
0.0 1.890218510241678 0.0 1.0 68
-0.8694018001790944 1.0 0.0 1.0 69
1.0 0.16473389261134 1.0 1.0 70
1.0 1.8988927518302632 1.0 1.0 71
1.897579731043761 1.0 1.0 1.0 72
0.0 2.0 0.0 1.0 73
*** t = 26
1.0 0.01752642657271963 1.0 0.0 6
0.0 1.0999824266949052 0.0 2.0 7
1.0 0.6329262272979966 1.0 0.0 8
0.0 0.2016617658853923 0.0 0.0 11
0.0 0.09075162477108094 0.0 0.0 17
1.0 1.7798505009817194 1.0 2.0 19
1.2699171019732172 1.0 2.0 1.0 20
0.5014479358264144 1.0 1.0 1.0 21
1.3328106280522365 1.0 2.0 1.0 25
0.0 1.1327123669654056 0.0 2.0 26
1.0 1.0 1.0 2.0 27
0.8026574064781132 1.0 1.0 1.0 28
-0.3166003411082566 1.0 -1.0 1.0 29
-0.8935742591961423 1.0 -1.0 1.0 30
0.0 1.2916880978095577 0.0 2.0 31
0.6079432838230876 1.0 1.0 1.0 32
0.0 0.20308507049966323 0.0 0.0 33
0.0 1.0 0.0 0.0 34
1.0 1.816192054749576 1.0 2.0 36
0.0 0.34573141058959606 0.0 0.0 37
0.5590451510511285 1.0 1.0 1.0 38
0.20679084097924202 1.0 1.0 1.0 39
0.0 0.7764782971708957 0.0 0.0 41
0.4284679811465205 1.0 1.0 1.0 42
1.0 1.4070252725967298 1.0 2.0 43
1.0 1.2442069711296588 1.0 2.0 44
-0.2619123741202898 1.0 -1.0 1.0 45
0.0 1.3112178005008348 0.0 1.0 46
0.7287286667621441 1.0 0.0 1.0 47
0.13259585852027464 1.0 1.0 1.0 48
0.14424844987099839 1.0 1.0 1.0 49
0.3409302222926505 1.0 1.0 1.0 50
0.0 0.8568310489067034 0.0 0.0 51
1.1572810508273952 1.0 2.0 1.0 52
1.0 0.6639814925181489 1.0 0.0 53
1.0 1.3412621702385399 1.0 2.0 54
0.0 1.1270845110197407 0.0 1.0 55
0.0 0.6480073447249975 0.0 1.0 56
0.0 1.1297470314046374 0.0 1.0 57
1.0 1.1841029420279492 1.0 1.0 58
0.0 1.457508447905368 0.0 1.0 59
-0.4223367515301011 1.0 0.0 1.0 60
1.0 0.4494781362175547 1.0 1.0 61
1.3643999984749047 1.0 1.0 1.0 62
0.0 0.6666103123418953 0.0 1.0 63
0.0 1.5162473560616672 0.0 1.0 64
1.0 1.4711057142455524 1.0 1.0 65
0.0 1.6276276608054172 0.0 1.0 66
0.0 0.2611263978644075 0.0 1.0 67
0.0 1.780437020483356 0.0 1.0 68
-0.7388036003581888 1.0 0.0 1.0 69
1.0 0.32946778522268 1.0 1.0 70
1.0 1.7977855036605264 1.0 1.0 71
1.7951594620875222 1.0 1.0 1.0 72
0.0 1.8330217844222332 0.0 1.0 73
0.0 0.0 0.0 1.0 74
0.0 2.0 0.0 1.0 75
1.0 2.0 1.0 1.0 76
*** t = 27
0.0 1.1999648533898104 0.0 2.0 7
1.0 0.5717472651809961 1.0 0.0 8
0.0 0.06860539353295764 0.0 0.0 11
1.0 1.9358206011780632 1.0 2.0 19
1.4048756529598256 1.0 2.0 1.0 20
0.5850225917974835 1.0 1.0 1.0 21
1.4160132850652958 1.0 2.0 1.0 25
0.0 1.265424733930811 0.0 2.0 26
1.0 1.1384645348668432 1.0 2.0 27
0.917322750260701 1.0 1.0 1.0 28
-0.4749005116623849 1.0 -1.0 1.0 29
0.0 1.3889174637460768 0.0 2.0 31
0.7295319405877051 1.0 1.0 1.0 32
0.0 0.07026591558294043 0.0 0.0 33
0.0 0.8480460304100781 0.0 0.0 34
1.0 1.9522240638745052 1.0 2.0 36
0.0 0.21487769270751528 0.0 0.0 37
0.6988064388139105 1.0 1.0 1.0 38
0.310186261468863 1.0 1.0 1.0 39
0.0 0.6647174457563435 0.0 0.0 41
0.571290641528694 1.0 1.0 1.0 42
1.0 1.5427003634623064 1.0 2.0 43
1.0 1.3663104566944884 1.0 2.0 44
-0.39286856118043467 1.0 -1.0 1.0 45
0.0 1.242339580550918 0.0 1.0 46
0.5930930001432162 1.0 0.0 1.0 47
0.2651917170405493 1.0 1.0 1.0 48
0.28849689974199677 1.0 1.0 1.0 49
0.5113953334389758 1.0 1.0 1.0 50
0.0 0.7136620978134067 0.0 0.0 51
1.3145621016547904 1.0 2.0 1.0 52
1.0 0.4959722387772232 1.0 0.0 53
1.0 1.51189325535781 1.0 2.0 54
0.0 1.002382298308275 0.0 1.0 55
0.0 0.7560085688458303 0.0 1.0 56
0.0 1.0 1.0 1.0 57
1.0 1.0481200990326074 1.0 1.0 58
0.0 1.3490101374864414 0.0 1.0 59
-0.3068041018361212 1.0 0.0 1.0 60
1.0 0.5393737634610657 1.0 1.0 61
1.2372799981698857 1.0 1.0 1.0 62
0.0 0.8332628904273691 0.0 1.0 63
0.0 1.395309195077084 0.0 1.0 64
1.0 1.3388821428069406 1.0 1.0 65
0.0 1.503503547740556 0.0 1.0 66
0.0 0.3916895967966113 0.0 1.0 67
0.0 1.6706555307250341 0.0 1.0 68
-0.6082054005372833 1.0 0.0 1.0 69
1.0 0.49420167783402 1.0 1.0 70
1.0 1.6966782554907893 1.0 1.0 71
1.6927391931312832 1.0 1.0 1.0 72
0.0 1.6660435688444664 0.0 1.0 73
0.0 0.08400045174629713 0.0 1.0 74
0.0 1.8785766427937074 0.0 1.0 75
1.0 1.9006163724874598 1.0 1.0 76
0.0 2.0 0.0 1.0 77
-1.0 1.0 0.0 1.0 78
1.0 0.0 1.0 1.0 79
2.0 1.0 1.0 1.0 80
*** t = 28
0.0 1.2999472800847158 0.0 2.0 7
1.0 0.5105683030639955 1.0 0.0 8
1.539834203946434 1.0 2.0 1.0 20
0.6685972477685526 1.0 1.0 1.0 21
1.4992159420783548 1.0 2.0 1.0 25
0.0 1.3981371008962165 0.0 2.0 26
1.0 1.2769290697336866 1.0 2.0 27
1.0 1.0 1.0 2.0 28
-0.6332006822165132 1.0 -1.0 1.0 29
0.0 1.4861468296825961 0.0 2.0 31
0.8511205973523226 1.0 1.0 1.0 32
0.0 0.6960920608201562 0.0 0.0 34
0.0 0.0840239748254345 0.0 0.0 37
0.8385677265766927 1.0 1.0 1.0 38
0.41358168195848405 1.0 1.0 1.0 39
0.0 0.5529565943417913 0.0 0.0 41
0.7141133019108675 1.0 1.0 1.0 42
1.0 1.6783754543278833 1.0 2.0 43
1.0 1.4884139422593177 1.0 2.0 44
-0.5238247482405796 1.0 -1.0 1.0 45
0.0 1.1734613606010016 0.0 1.0 46
0.4574573335242883 1.0 0.0 1.0 47
0.3977875755608239 1.0 1.0 1.0 48
0.43274534961299516 1.0 1.0 1.0 49
0.681860444585301 1.0 1.0 1.0 50
0.0 0.5704931467201101 0.0 0.0 51
1.4718431524821856 1.0 2.0 1.0 52
1.0 0.32796298503629756 1.0 0.0 53
1.0 1.68252434047708 1.0 2.0 54
0.0 1.0 1.0 1.0 55
0.0 0.8640097929666634 0.0 1.0 56
0.14504216143256043 1.0 1.0 1.0 57
1.0 1.0 1.0 0.0 58
0.0 1.240511827067515 0.0 1.0 59
-0.19127145214214153 1.0 0.0 1.0 60
1.0 0.6292693907045767 1.0 1.0 61
1.1101599978648666 1.0 1.0 1.0 62
0.0 0.999915468512843 0.0 1.0 63
0.0 1.274371034092501 0.0 1.0 64
1.0 1.2066585713683289 1.0 1.0 65
0.0 1.3793794346756951 0.0 1.0 66
0.0 0.522252795728815 0.0 1.0 67
0.0 1.5608740409667121 0.0 1.0 68
-0.4776072007163778 1.0 0.0 1.0 69
1.0 0.65893557044536 1.0 1.0 70
1.0 1.5955710073210525 1.0 1.0 71
1.5903189241750442 1.0 1.0 1.0 72
0.0 1.4990653532666998 0.0 1.0 73
0.0 0.16800090349259425 0.0 1.0 74
0.0 1.7571532855874148 0.0 1.0 75
1.0 1.80123274497492 1.0 1.0 76
0.0 1.9020644525625638 0.0 1.0 77
-0.8877770817306216 1.0 0.0 1.0 78
1.0 0.10385027072162854 1.0 1.0 79
1.9273249862492077 1.0 1.0 1.0 80
0.0 0.0 0.0 1.0 81
0.0 2.0 0.0 1.0 82
1.0 2.0 1.0 1.0 83
*** t = 29
0.0 1.3999297067796208 0.0 2.0 7
1.0 0.4493893409469949 1.0 0.0 8
1.6747927549330428 1.0 2.0 1.0 20
0.7521719037396217 1.0 1.0 1.0 21
1.582418599091414 1.0 2.0 1.0 25
0.0 1.530849467861622 0.0 2.0 26
1.0 1.41539360460053 1.0 2.0 27
1.0 1.1146653437825875 1.0 2.0 28
-0.7915008527706413 1.0 -1.0 1.0 29
0.0 1.5833761956191155 0.0 2.0 31
0.9727092541169401 1.0 1.0 1.0 32
0.0 0.5441380912302344 0.0 0.0 34
0.9783290143394747 1.0 1.0 1.0 38
0.516977102448105 1.0 1.0 1.0 39
0.0 0.4411957429272392 0.0 0.0 41
0.856935962293041 1.0 1.0 1.0 42
1.0 1.8140505451934599 1.0 2.0 43
1.0 1.6105174278241472 1.0 2.0 44
-0.6547809353007245 1.0 -1.0 1.0 45
0.0 1.1045831406510853 0.0 1.0 46
0.32182166690536035 1.0 0.0 1.0 47
0.5303834340810986 1.0 1.0 1.0 48
0.5769937994839935 1.0 1.0 1.0 49
0.8523255557316263 1.0 1.0 1.0 50
0.0 0.42732419562681345 0.0 0.0 51
1.6291242033095807 1.0 2.0 1.0 52
1.0 0.159953731295372 1.0 0.0 53
1.0 1.8531554255963498 1.0 2.0 54
0.1247022127114656 1.0 1.0 1.0 55
0.0 0.9720110170874964 0.0 1.0 56
0.29008432286512087 1.0 1.0 1.0 57
1.0 0.8640171570046583 1.0 0.0 58
0.0 1.1320135166485885 0.0 1.0 59
-0.07573880244816167 1.0 0.0 1.0 60
1.0 0.7191650179480876 1.0 1.0 61
1.0 1.0 0.0 1.0 62
0.0 1.0 -1.0 1.0 63
0.0 1.1534328731079178 0.0 1.0 64
1.0 1.0744349999297171 1.0 1.0 65
0.0 1.2552553216108342 0.0 1.0 66
0.0 0.6528159946610188 0.0 1.0 67
0.0 1.4510925512083903 0.0 1.0 68
-0.3470090008954722 1.0 0.0 1.0 69
1.0 0.8236694630567 1.0 1.0 70
1.0 1.4944637591513155 1.0 1.0 71
1.4878986552188054 1.0 1.0 1.0 72
0.0 1.332087137688933 0.0 1.0 73
0.0 0.2520013552388914 0.0 1.0 74
0.0 1.6357299283811224 0.0 1.0 75
1.0 1.7018491174623798 1.0 1.0 76
0.0 1.8041289051251281 0.0 1.0 77
-0.7755541634612433 1.0 0.0 1.0 78
1.0 0.2077005414432571 1.0 1.0 79
1.8546499724984153 1.0 1.0 1.0 80
0.0 0.08796732668169321 0.0 1.0 81
0.0 1.850359632093094 0.0 1.0 82
1.0 1.878844289624035 1.0 1.0 83
0.0 2.0 0.0 1.0 84
*** t = 30
0.0 1.4999121334745262 0.0 2.0 7
1.0 0.3882103788299943 1.0 0.0 8
1.8097513059196513 1.0 2.0 1.0 20
0.8357465597106907 1.0 1.0 1.0 21
1.6656212561044732 1.0 2.0 1.0 25
0.0 1.6635618348270276 0.0 2.0 26
1.0 1.553858139467373 1.0 2.0 27
1.0 1.229330687565175 1.0 2.0 28
-0.9498010233247698 1.0 -1.0 1.0 29
0.0 1.6806055615556346 0.0 2.0 31
1.0 1.0 2.0 1.0 32
0.0 0.3921841216403125 0.0 0.0 34
1.0 1.0 1.0 0.0 38
0.620372522937726 1.0 1.0 1.0 39
0.0 0.32943489151268707 0.0 0.0 41
0.9997586226752145 1.0 1.0 1.0 42
1.0 1.9497256360590365 1.0 2.0 43
1.0 1.7326209133889767 1.0 2.0 44
-0.7857371223608693 1.0 -1.0 1.0 45
0.0 1.0357049207011686 0.0 1.0 46
0.18618600028643256 1.0 0.0 1.0 47
0.6629792926013732 1.0 1.0 1.0 48
0.721242249354992 1.0 1.0 1.0 49
1.0 1.0 1.0 2.0 50
0.0 0.2841552445335168 0.0 0.0 51
1.786405254136976 1.0 2.0 1.0 52
0.2494044254229312 1.0 1.0 1.0 55
0.0 1.0 1.0 1.0 56
0.43512648429768125 1.0 1.0 1.0 57
1.0 0.7280343140093164 1.0 0.0 58
0.0 1.0235152062296622 0.0 1.0 59
0.0 1.0 1.0 1.0 60
1.0 0.8090606451915986 1.0 1.0 61
0.8728799996949809 1.0 0.0 1.0 62
-0.16665257808547382 1.0 -1.0 1.0 63
0.0 1.0324947121233345 0.0 1.0 64
1.0 1.0 2.0 1.0 65
0.0 1.1311312085459733 0.0 1.0 66
0.0 0.7833791935932226 0.0 1.0 67
0.0 1.3413110614500683 0.0 1.0 68
-0.2164108010745666 1.0 0.0 1.0 69
1.0 0.98840335566804 1.0 1.0 70
1.0 1.3933565109815786 1.0 1.0 71
1.3854783862625661 1.0 1.0 1.0 72
0.0 1.1651089221111661 0.0 1.0 73
0.0 0.3360018069851885 0.0 1.0 74
0.0 1.5143065711748298 0.0 1.0 75
1.0 1.6024654899498398 1.0 1.0 76
0.0 1.706193357687692 0.0 1.0 77
-0.6633312451918649 1.0 0.0 1.0 78
1.0 0.3115508121648856 1.0 1.0 79
1.7819749587476232 1.0 1.0 1.0 80
0.0 0.17593465336338643 0.0 1.0 81
0.0 1.7007192641861877 0.0 1.0 82
1.0 1.7576885792480694 1.0 1.0 83
0.0 1.8867642838942826 0.0 1.0 84
0.0 0.0 0.0 1.0 85
0.0 2.0 0.0 1.0 86
-1.0 1.0 0.0 1.0 87
1.0 0.0 1.0 1.0 88
1.0 2.0 1.0 1.0 89
2.0 1.0 1.0 1.0 90
*** t = 31
0.0 1.5998945601694314 0.0 2.0 7
1.0 0.3270314167129938 1.0 0.0 8
1.9447098569062597 1.0 2.0 1.0 20
0.9193212156817597 1.0 1.0 1.0 21
1.7488239131175325 1.0 2.0 1.0 25
0.0 1.796274201792433 0.0 2.0 26
1.0 1.6923226743342163 1.0 2.0 27
1.0 1.3439960313477628 1.0 2.0 28
0.0 1.7778349274921539 0.0 2.0 31
1.1215886567646174 1.0 2.0 1.0 32
0.0 0.24023015205039058 0.0 0.0 34
1.0 0.8602387122372178 1.0 0.0 38
0.7237679434273471 1.0 1.0 1.0 39
0.0 0.2176740400981349 0.0 0.0 41
1.0 1.0 1.0 0.0 42
1.0 1.854724398953806 1.0 2.0 44
-0.9166933094210142 1.0 -1.0 1.0 45
0.0 1.0 1.0 1.0 46
0.050550333667504645 1.0 0.0 1.0 47
0.7955751511216479 1.0 1.0 1.0 48
0.8654906992259903 1.0 1.0 1.0 49
1.0 1.1704651111463251 1.0 2.0 50
0.0 0.14098629344022015 0.0 0.0 51
1.9436863049643711 1.0 2.0 1.0 52
0.3741066381343968 1.0 1.0 1.0 55
0.10800122412083293 1.0 1.0 1.0 56
0.5801686457302417 1.0 1.0 1.0 57
1.0 0.5920514710139747 1.0 0.0 58
0.0 1.0 -1.0 1.0 59
0.11553264969397979 1.0 1.0 1.0 60
1.0 0.8989562724351096 1.0 1.0 61
0.7457599993899617 1.0 0.0 1.0 62
-0.33330515617094764 1.0 -1.0 1.0 63
0.0 1.0 0.0 0.0 64
1.132223571438612 1.0 2.0 1.0 65
0.0 1.0070070954811123 0.0 1.0 66
0.0 0.9139423925254264 0.0 1.0 67
0.0 1.2315295716917465 0.0 1.0 68
-0.085812601253661 1.0 0.0 1.0 69
1.0 1.0 0.0 1.0 70
1.0 1.2922492628118416 1.0 1.0 71
1.2830581173063271 1.0 1.0 1.0 72
0.0 1.0 1.0 1.0 73
0.0 0.42000225873148556 0.0 1.0 74
0.0 1.3928832139685372 0.0 1.0 75
1.0 1.5030818624372997 1.0 1.0 76
0.0 1.608257810250256 0.0 1.0 77
-0.5511083269224867 1.0 0.0 1.0 78
1.0 0.4154010828865142 1.0 1.0 79
1.709299944996831 1.0 1.0 1.0 80
0.0 0.26390198004507964 0.0 1.0 81
0.0 1.5510788962792816 0.0 1.0 82
1.0 1.6365328688721041 1.0 1.0 83
0.0 1.7735285677885648 0.0 1.0 84
0.0 0.1559139869993775 0.0 1.0 85
0.0 1.890041303569555 0.0 1.0 86
-0.8724234035100805 1.0 0.0 1.0 87
1.0 0.10804052151312696 1.0 1.0 88
1.0 1.8494396715574681 1.0 1.0 89
1.922627813218941 1.0 1.0 1.0 90
0.0 2.0 0.0 1.0 91
*** t = 32
0.0 1.6998769868643364 0.0 2.0 7
1.0 0.2658524545959932 1.0 0.0 8
1.0 1.0 1.0 0.0 21
1.8320265701305916 1.0 2.0 1.0 25
0.0 1.9289865687578387 0.0 2.0 26
1.0 1.8307872092010598 1.0 2.0 27
1.0 1.4586613751303503 1.0 2.0 28
0.0 1.875064293428673 0.0 2.0 31
1.243177313529235 1.0 2.0 1.0 32
0.0 0.08827618246046867 0.0 0.0 34
1.0 0.7204774244744356 1.0 0.0 38
0.8271633639169681 1.0 1.0 1.0 39
0.0 0.10591318868358272 0.0 0.0 41
1.0 0.8571773396178264 1.0 0.0 42
1.0 1.9768278845186353 1.0 2.0 44
0.06887821994991654 1.0 1.0 1.0 46
0.0 1.0 0.0 2.0 47
0.9281710096419225 1.0 1.0 1.0 48
1.0 1.0 2.0 1.0 49
1.0 1.3409302222926505 1.0 2.0 50
0.4988088508458624 1.0 1.0 1.0 55
0.21600244824166587 1.0 1.0 1.0 56
0.7252108071628023 1.0 1.0 1.0 57
1.0 0.45606862801863296 1.0 0.0 58
-0.10849831041892641 1.0 -1.0 1.0 59
0.23106529938795958 1.0 1.0 1.0 60
1.0 0.9888518996786204 1.0 1.0 61
0.6186399990849428 1.0 0.0 1.0 62
-0.4999577342564214 1.0 -1.0 1.0 63
0.0 0.8790618390154168 0.0 0.0 64
1.2644471428772237 1.0 2.0 1.0 65
0.0 1.0 1.0 1.0 66
0.0 1.0 1.0 1.0 67
0.0 1.1217480819334247 0.0 1.0 68
0.0 1.0 1.0 1.0 69
0.83526610738866 1.0 0.0 1.0 70
1.0 1.1911420146421046 1.0 1.0 71
1.1806378483500881 1.0 1.0 1.0 72
0.16697821557776676 1.0 1.0 1.0 73
0.0 0.5040027104777828 0.0 1.0 74
0.0 1.2714598567622446 0.0 1.0 75
1.0 1.4036982349247598 1.0 1.0 76
0.0 1.51032226281282 0.0 1.0 77
-0.43888540865310843 1.0 0.0 1.0 78
1.0 0.5192513536081427 1.0 1.0 79
1.6366249312460386 1.0 1.0 1.0 80
0.0 0.35186930672677286 0.0 1.0 81
0.0 1.4014385283723758 0.0 1.0 82
1.0 1.515377158496139 1.0 1.0 83
0.0 1.6602928516828472 0.0 1.0 84
0.0 0.311827973998755 0.0 1.0 85
0.0 1.78008260713911 0.0 1.0 86
-0.744846807020161 1.0 0.0 1.0 87
1.0 0.21608104302625392 1.0 1.0 88
1.0 1.6988793431149363 1.0 1.0 89
1.845255626437882 1.0 1.0 1.0 90
0.0 1.9053526081724965 0.0 1.0 91
0.0 0.0 0.0 1.0 92
0.0 2.0 0.0 1.0 93
1.0 2.0 1.0 1.0 94
*** t = 33
0.0 1.7998594135592418 0.0 2.0 7
1.0 0.20467349247899264 1.0 0.0 8
1.0 0.9164253440289309 1.0 0.0 21
1.9152292271436508 1.0 2.0 1.0 25
1.0 1.969251744067903 1.0 2.0 27
1.0 1.573326718912938 1.0 2.0 28
0.0 1.9722936593651923 0.0 2.0 31
1.3647659702938526 1.0 2.0 1.0 32
1.0 0.5807161367116536 1.0 0.0 38
0.9305587844065891 1.0 1.0 1.0 39
1.0 0.714354679235653 1.0 0.0 42
0.13775643989983308 1.0 1.0 1.0 46
0.0 1.135635666618928 0.0 2.0 47
1.0 1.0 1.0 0.0 48
1.1442484498709984 1.0 2.0 1.0 49
1.0 1.511395333438976 1.0 2.0 50
0.623511063557328 1.0 1.0 1.0 55
0.32400367236249883 1.0 1.0 1.0 56
0.8702529685953625 1.0 1.0 1.0 57
1.0 0.32008578502329116 1.0 0.0 58
-0.21699662083785282 1.0 -1.0 1.0 59
0.34659794908193936 1.0 1.0 1.0 60
1.0 1.0 0.0 1.0 61
0.4915199987799237 1.0 0.0 1.0 62
-0.6666103123418953 1.0 -1.0 1.0 63
0.0 0.7581236780308336 0.0 0.0 64
1.3966707143158357 1.0 2.0 1.0 65
0.12412411306486097 1.0 1.0 1.0 66
0.13056319893220375 1.0 1.0 1.0 67
0.0 1.0119665921751027 0.0 1.0 68
0.13059819982090556 1.0 1.0 1.0 69
0.67053221477732 1.0 0.0 1.0 70
1.0 1.0900347664723677 1.0 1.0 71
1.078217579393849 1.0 1.0 1.0 72
0.33395643115553353 1.0 1.0 1.0 73
0.0 0.5880031622240799 0.0 1.0 74
0.0 1.150036499555952 0.0 1.0 75
1.0 1.3043146074122196 1.0 1.0 76
0.0 1.4123867153753837 0.0 1.0 77
-0.3266624903837301 1.0 0.0 1.0 78
1.0 0.6231016243297712 1.0 1.0 79
1.5639499174952465 1.0 1.0 1.0 80
0.0 0.439836633408466 0.0 1.0 81
0.0 1.2517981604654695 0.0 1.0 82
1.0 1.394221448120174 1.0 1.0 83
0.0 1.5470571355771296 0.0 1.0 84
0.0 0.4677419609981325 0.0 1.0 85
0.0 1.670123910708665 0.0 1.0 86
-0.6172702105302418 1.0 0.0 1.0 87
1.0 0.3241215645393809 1.0 1.0 88
1.0 1.5483190146724046 1.0 1.0 89
1.7678834396568233 1.0 1.0 1.0 90
0.0 1.8107052163449933 0.0 1.0 91
0.0 0.13106547434787108 0.0 1.0 92
0.0 1.8850941409044635 0.0 1.0 93
1.0 1.8658373624895737 1.0 1.0 94
0.0 2.0 0.0 1.0 95
-1.0 1.0 0.0 1.0 96
1.0 0.0 1.0 1.0 97
2.0 1.0 1.0 1.0 98
*** t = 34
0.0 1.8998418402541468 0.0 2.0 7
1.0 0.14349453036199195 1.0 0.0 8
1.0 0.8328506880578618 1.0 0.0 21
1.9984318841567101 1.0 2.0 1.0 25
1.0 1.6879920626955256 1.0 2.0 28
1.48635462705847 1.0 2.0 1.0 32
1.0 0.4409548489488715 1.0 0.0 38
1.0 1.0 2.0 1.0 39
1.0 0.5715320188534795 1.0 0.0 42
0.2066346598497496 1.0 1.0 1.0 46
0.0 1.2712713332378558 0.0 2.0 47
1.0 0.8674041414797253 1.0 0.0 48
1.288496899741997 1.0 2.0 1.0 49
1.0 1.681860444585301 1.0 2.0 50
0.7482132762687936 1.0 1.0 1.0 55
0.43200489648333174 1.0 1.0 1.0 56
1.0 1.0 1.0 2.0 57
1.0 0.1841029420279493 1.0 0.0 58
-0.3254949312567792 1.0 -1.0 1.0 59
0.46213059877591917 1.0 1.0 1.0 60
0.9101043727564891 1.0 0.0 1.0 61
0.3643999984749047 1.0 0.0 1.0 62
-0.8332628904273691 1.0 -1.0 1.0 63
0.0 0.6371855170462506 0.0 0.0 64
1.5288942857544476 1.0 2.0 1.0 65
0.24824822612972194 1.0 1.0 1.0 66
0.2611263978644075 1.0 1.0 1.0 67
0.0 1.0 -1.0 1.0 68
0.26119639964181113 1.0 1.0 1.0 69
0.50579832216598 1.0 0.0 1.0 70
1.0 1.0 1.0 0.0 71
1.0 1.0 0.0 1.0 72
0.5009346467333002 1.0 1.0 1.0 73
0.0 0.672003613970377 0.0 1.0 74
0.0 1.0286131423496594 0.0 1.0 75
1.0 1.2049309798996797 1.0 1.0 76
0.0 1.314451167937948 0.0 1.0 77
-0.21443957211435177 1.0 0.0 1.0 78
1.0 0.7269518950513998 1.0 1.0 79
1.4912749037444542 1.0 1.0 1.0 80
0.0 0.5278039600901593 0.0 1.0 81
0.0 1.1021577925585637 0.0 1.0 82
1.0 1.2730657377442085 1.0 1.0 83
0.0 1.433821419471412 0.0 1.0 84
0.0 0.62365594799751 0.0 1.0 85
0.0 1.5601652142782196 0.0 1.0 86
-0.4896936140403223 1.0 0.0 1.0 87
1.0 0.43216208605250783 1.0 1.0 88
1.0 1.3977586862298728 1.0 1.0 89
1.6905112528757644 1.0 1.0 1.0 90
0.0 1.7160578245174898 0.0 1.0 91
0.0 0.26213094869574216 0.0 1.0 92
0.0 1.7701882818089265 0.0 1.0 93
1.0 1.7316747249791473 1.0 1.0 94
0.0 1.9142588880093683 0.0 1.0 95
-0.8787592227938913 1.0 0.0 1.0 96
1.0 0.12721553801222174 1.0 1.0 97
1.8276165438816527 1.0 1.0 1.0 98
0.0 0.0 0.0 1.0 99
0.0 2.0 0.0 1.0 100
1.0 2.0 1.0 1.0 101
*** t = 35
0.0 1.999824266949052 0.0 2.0 7
1.0 0.08231556824499137 1.0 0.0 8
1.0 0.7492760320867927 1.0 0.0 21
1.0 1.8026574064781133 1.0 2.0 28
1.6079432838230878 1.0 2.0 1.0 32
1.0 0.3011935611860895 1.0 0.0 38
1.103395420489621 1.0 2.0 1.0 39
1.0 0.428709358471306 1.0 0.0 42
0.27551287979966615 1.0 1.0 1.0 46
0.0 1.4069069998567838 0.0 2.0 47
1.0 0.7348082829594508 1.0 0.0 48
1.4327453496129952 1.0 2.0 1.0 49
1.0 1.8523255557316265 1.0 2.0 50
0.8729154889802593 1.0 1.0 1.0 55
0.5400061206041646 1.0 1.0 1.0 56
1.0 1.1450421614325605 1.0 2.0 57
1.0 0.048120099032607444 1.0 0.0 58
-0.43399324167570563 1.0 -1.0 1.0 59
0.5776632484698989 1.0 1.0 1.0 60
0.8202087455129781 1.0 0.0 1.0 61
0.2372799981698857 1.0 0.0 1.0 62
-0.999915468512843 1.0 -1.0 1.0 63
0.0 0.5162473560616674 0.0 0.0 64
1.6611178571930594 1.0 2.0 1.0 65
0.3723723391945829 1.0 1.0 1.0 66
0.3916895967966113 1.0 1.0 1.0 67
-0.10978148975832194 1.0 -1.0 1.0 68
0.3917945994627166 1.0 1.0 1.0 69
0.34106442955464006 1.0 0.0 1.0 70
1.0 0.8988927518302632 1.0 0.0 71
0.8975797310437611 1.0 0.0 1.0 72
0.6679128623110671 1.0 1.0 1.0 73
0.0 0.7560040657166741 0.0 1.0 74
0.0 1.0 1.0 1.0 75
1.0 1.1055473523871395 1.0 1.0 76
0.0 1.2165156205005119 0.0 1.0 77
-0.10221665384497342 1.0 0.0 1.0 78
1.0 0.8308021657730283 1.0 1.0 79
1.4185998899936618 1.0 1.0 1.0 80
0.0 0.6157712867718526 0.0 1.0 81
0.0 1.0 1.0 1.0 82
1.0 1.1519100273682432 1.0 1.0 83
0.0 1.3205857033656947 0.0 1.0 84
0.0 0.7795699349968875 0.0 1.0 85
0.0 1.4502065178477748 0.0 1.0 86
-0.36211701755040293 1.0 0.0 1.0 87
1.0 0.5402026075656348 1.0 1.0 88
1.0 1.247198357787341 1.0 1.0 89
1.6131390660947054 1.0 1.0 1.0 90
0.0 1.6214104326899865 0.0 1.0 91
0.0 0.39319642304361324 0.0 1.0 92
0.0 1.65528242271339 0.0 1.0 93
1.0 1.5975120874687208 1.0 1.0 94
0.0 1.8285177760187366 0.0 1.0 95
-0.7575184455877825 1.0 0.0 1.0 96
1.0 0.2544310760244435 1.0 1.0 97
1.6552330877633057 1.0 1.0 1.0 98
0.0 0.1182954778199506 0.0 1.0 99
0.0 1.9210735532124295 0.0 1.0 100
1.0 1.9060421416023348 1.0 1.0 101
0.0 2.0 0.0 1.0 102
*** t = 36
1.0 0.0211366061279908 1.0 0.0 8
1.0 0.6657013761157237 1.0 0.0 21
1.0 1.917322750260701 1.0 2.0 28
1.7295319405877052 1.0 2.0 1.0 32
1.0 0.16143227342330732 1.0 0.0 38
1.206790840979242 1.0 2.0 1.0 39
1.0 0.28588669808913253 1.0 0.0 42
0.3443910997495827 1.0 1.0 1.0 46
0.0 1.5425426664757118 0.0 2.0 47
1.0 0.6022124244391761 1.0 0.0 48
1.5769937994839935 1.0 2.0 1.0 49
0.9976177016917249 1.0 1.0 1.0 55
0.6480073447249975 1.0 1.0 1.0 56
1.0 1.2900843228651209 1.0 2.0 57
-0.5424915520946321 1.0 -1.0 1.0 59
0.6931958981638787 1.0 1.0 1.0 60
0.7303131182694672 1.0 0.0 1.0 61
0.11015999786486659 1.0 0.0 1.0 62
0.0 0.3953091950770842 0.0 0.0 64
1.7933414286316713 1.0 2.0 1.0 65
0.4964964522594439 1.0 1.0 1.0 66
0.522252795728815 1.0 1.0 1.0 67
-0.21956297951664389 1.0 -1.0 1.0 68
0.5223927992836223 1.0 1.0 1.0 69
0.17633053694330003 1.0 0.0 1.0 70
1.0 0.7977855036605263 1.0 0.0 71
0.7951594620875221 1.0 0.0 1.0 72
0.8348910778888339 1.0 1.0 1.0 73
0.0 0.8400045174629711 0.0 1.0 74
0.12142335720629255 1.0 1.0 1.0 75
1.0 1.0061637248745996 1.0 1.0 76
0.0 1.118580073063076 0.0 1.0 77
0.0 1.0 0.0 0.0 78
1.0 0.9346524364946569 1.0 1.0 79
1.3459248762428695 1.0 1.0 1.0 80
0.0 0.7037386134535457 0.0 1.0 81
0.14964036790690607 1.0 1.0 1.0 82
1.0 1.030754316992278 1.0 1.0 83
0.0 1.2073499872599769 0.0 1.0 84
0.0 0.9354839219962651 0.0 1.0 85
0.0 1.3402478214173297 0.0 1.0 86
-0.23454042106048362 1.0 0.0 1.0 87
1.0 0.6482431290787616 1.0 1.0 88
1.0 1.096638029344809 1.0 1.0 89
1.5357668793136463 1.0 1.0 1.0 90
0.0 1.526763040862483 0.0 1.0 91
0.0 0.5242618973914843 0.0 1.0 92
0.0 1.5403765636178535 0.0 1.0 93
1.0 1.4633494499582944 1.0 1.0 94
0.0 1.742776664028105 0.0 1.0 95
-0.6362776683816737 1.0 0.0 1.0 96
1.0 0.3816466140366652 1.0 1.0 97
1.4828496316449584 1.0 1.0 1.0 98
0.0 0.2365909556399012 0.0 1.0 99
0.0 1.8421471064248593 0.0 1.0 100
1.0 1.81208428320467 1.0 1.0 101
0.0 1.9220616079498376 0.0 1.0 102
0.0 0.0 0.0 1.0 103
0.0 2.0 0.0 1.0 104
-1.0 1.0 0.0 1.0 105
1.0 0.0 1.0 1.0 106
1.0 2.0 1.0 1.0 107
2.0 1.0 1.0 1.0 108
*** t = 37
1.0 0.5821267201446547 1.0 0.0 21
1.8511205973523226 1.0 2.0 1.0 32
1.0 0.021670985660525305 1.0 0.0 38
1.310186261468863 1.0 2.0 1.0 39
1.0 0.14306403770695894 1.0 0.0 42
0.41326931969949926 1.0 1.0 1.0 46
0.0 1.6781783330946396 0.0 2.0 47
1.0 0.4696165659189015 1.0 0.0 48
1.721242249354992 1.0 2.0 1.0 49
1.0 1.0 2.0 1.0 55
0.7560085688458303 1.0 1.0 1.0 56
1.0 1.4351264842976812 1.0 2.0 57
-0.6509898625135585 1.0 -1.0 1.0 59
0.8087285478578585 1.0 1.0 1.0 60
0.6404174910259561 1.0 0.0 1.0 61
0.0 1.0 -1.0 1.0 62
0.0 0.27437103409250096 0.0 0.0 64
1.9255650000702829 1.0 2.0 1.0 65
0.6206205653243049 1.0 1.0 1.0 66
0.6528159946610188 1.0 1.0 1.0 67
-0.32934446927496586 1.0 -1.0 1.0 68
0.6529909991045278 1.0 1.0 1.0 69
0.011596644331959994 1.0 0.0 1.0 70
1.0 0.6966782554907894 1.0 0.0 71
0.6927391931312831 1.0 0.0 1.0 72
1.0 1.0 1.0 0.0 73
0.0 0.9240049692092682 0.0 1.0 74
0.2428467144125851 1.0 1.0 1.0 75
1.0 1.0 1.0 0.0 76
0.0 1.0206445256256398 0.0 1.0 77
0.0 0.8877770817306216 0.0 0.0 78
1.0 1.0 0.0 1.0 79
1.2732498624920772 1.0 1.0 1.0 80
0.0 0.7917059401352389 0.0 1.0 81
0.29928073581381215 1.0 1.0 1.0 82
1.0 1.0 2.0 1.0 83
0.0 1.0941142711542593 0.0 1.0 84
0.0 1.0 1.0 1.0 85
0.0 1.2302891249868846 0.0 1.0 86
-0.10696382457056415 1.0 0.0 1.0 87
1.0 0.7562836505918886 1.0 1.0 88
1.0 1.0 2.0 1.0 89
1.4583946925325875 1.0 1.0 1.0 90
0.0 1.4321156490349798 0.0 1.0 91
0.0 0.6553273717393554 0.0 1.0 92
0.0 1.4254707045223165 0.0 1.0 93
1.0 1.329186812447868 1.0 1.0 94
0.0 1.6570355520374733 0.0 1.0 95
-0.515036891175565 1.0 0.0 1.0 96
1.0 0.508862152048887 1.0 1.0 97
1.3104661755266114 1.0 1.0 1.0 98
0.0 0.3548864334598518 0.0 1.0 99
0.0 1.7632206596372888 0.0 1.0 100
1.0 1.7181264248070047 1.0 1.0 101
0.0 1.8441232158996752 0.0 1.0 102
0.0 0.14077900189071976 0.0 1.0 103
0.0 1.8091704678913465 0.0 1.0 104
-0.8768693704441896 1.0 0.0 1.0 105
1.0 0.15468539829494785 1.0 1.0 106
1.0 1.8174355070642063 1.0 1.0 107
1.867634780720627 1.0 1.0 1.0 108
0.0 2.0 0.0 1.0 109
*** t = 38
1.0 0.4985520641735855 1.0 0.0 21
1.97270925411694 1.0 2.0 1.0 32
1.413581681958484 1.0 2.0 1.0 39
1.0 2.4137732478550335E-4 1.0 0.0 42
0.4821475396494158 1.0 1.0 1.0 46
0.0 1.8138139997135676 0.0 2.0 47
1.0 0.3370207073986268 1.0 0.0 48
1.86549069922599 1.0 2.0 1.0 49
1.1247022127114656 1.0 2.0 1.0 55
0.8640097929666634 1.0 1.0 1.0 56
1.0 1.5801686457302417 1.0 2.0 57
-0.7594881729324849 1.0 -1.0 1.0 59
0.9242611975518383 1.0 1.0 1.0 60
0.5505218637824453 1.0 0.0 1.0 61
-0.12712000030501908 1.0 -1.0 1.0 62
0.0 0.1534328731079178 0.0 0.0 64
0.7447446783891658 1.0 1.0 1.0 66
0.7833791935932226 1.0 1.0 1.0 67
-0.43912595903328777 1.0 -1.0 1.0 68
0.7835891989254334 1.0 1.0 1.0 69
0.0 1.0 0.0 2.0 70
1.0 0.5955710073210524 1.0 0.0 71
0.5903189241750441 1.0 0.0 1.0 72
1.0 0.8330217844222332 1.0 0.0 73
0.0 1.0 1.0 1.0 74
0.36427007161887764 1.0 1.0 1.0 75
1.0 0.90061637248746 1.0 0.0 76
0.0 1.0 -1.0 1.0 77
0.0 0.7755541634612433 0.0 0.0 78
0.8961497292783714 1.0 0.0 1.0 79
1.2005748487412848 1.0 1.0 1.0 80
0.0 0.879673266816932 0.0 1.0 81
0.44892110372071825 1.0 1.0 1.0 82
1.1211557103759653 1.0 2.0 1.0 83
0.0 1.0 0.0 0.0 84
0.1559139869993775 1.0 1.0 1.0 85
0.0 1.1203304285564395 0.0 1.0 86
0.0 1.0 0.0 0.0 87
1.0 0.8643241721050156 1.0 1.0 88
1.1505603284425319 1.0 2.0 1.0 89
1.3810225057515284 1.0 1.0 1.0 90
0.0 1.3374682572074763 0.0 1.0 91
0.0 0.7863928460872265 0.0 1.0 92
0.0 1.31056484542678 0.0 1.0 93
1.0 1.1950241749374417 1.0 1.0 94
0.0 1.5712944400468416 0.0 1.0 95
-0.39379611396945613 1.0 0.0 1.0 96
1.0 0.6360776900611087 1.0 1.0 97
1.1380827194082639 1.0 1.0 1.0 98
0.0 0.4731819112798024 0.0 1.0 99
0.0 1.6842942128497183 0.0 1.0 100
1.0 1.62416856640934 1.0 1.0 101
0.0 1.7661848238495128 0.0 1.0 102
0.0 0.2815580037814395 0.0 1.0 103
0.0 1.6183409357826926 0.0 1.0 104
-0.7537387408883789 1.0 0.0 1.0 105
1.0 0.3093707965898957 1.0 1.0 106
1.0 1.6348710141284124 1.0 1.0 107
1.735269561441254 1.0 1.0 1.0 108
0.0 1.8825053792102648 0.0 1.0 109
0.0 0.0 0.0 1.0 110
0.0 2.0 0.0 1.0 111
1.0 2.0 1.0 1.0 112
*** t = 39
1.0 0.4149774082025165 1.0 0.0 21
1.5169771024481051 1.0 2.0 1.0 39
0.5510257595993323 1.0 1.0 1.0 46
0.0 1.9494496663324952 0.0 2.0 47
1.0 0.20442484887835208 1.0 0.0 48
1.249404425422931 1.0 2.0 1.0 55
0.9720110170874964 1.0 1.0 1.0 56
1.0 1.725210807162802 1.0 2.0 57
-0.8679864833514114 1.0 -1.0 1.0 59
1.0 1.0 1.0 0.0 60
0.4606262365389343 1.0 0.0 1.0 61
-0.25424000061003815 1.0 -1.0 1.0 62
0.0 0.03249471212333461 0.0 0.0 64
0.8688687914540267 1.0 1.0 1.0 66
0.9139423925254264 1.0 1.0 1.0 67
-0.5489074487916097 1.0 -1.0 1.0 68
0.914187398746339 1.0 1.0 1.0 69
0.0 1.16473389261134 0.0 2.0 70
1.0 0.49446375915131546 1.0 0.0 71
0.48789865521880516 1.0 0.0 1.0 72
1.0 0.6660435688444665 1.0 0.0 73
0.08400045174629713 1.0 1.0 1.0 74
0.4856934288251702 1.0 1.0 1.0 75
1.0 0.8012327449749199 1.0 0.0 76
-0.097935547437436 1.0 -1.0 1.0 77
0.0 0.6633312451918649 0.0 0.0 78
0.7922994585567429 1.0 0.0 1.0 79
1.1278998349904925 1.0 1.0 1.0 80
0.0 0.9676405934986252 0.0 1.0 81
0.5985614716276243 1.0 1.0 1.0 82
1.2423114207519306 1.0 2.0 1.0 83
0.0 0.8867642838942824 0.0 0.0 84
0.311827973998755 1.0 1.0 1.0 85
0.0 1.0103717321259944 0.0 1.0 86
0.0 0.8724234035100805 0.0 0.0 87
1.0 0.9723646936181425 1.0 1.0 88
1.3011206568850637 1.0 2.0 1.0 89
1.3036503189704696 1.0 1.0 1.0 90
0.0 1.242820865379973 0.0 1.0 91
0.0 0.9174583204350975 0.0 1.0 92
0.0 1.1956589863312432 0.0 1.0 93
1.0 1.0608615374270154 1.0 1.0 94
0.0 1.4855533280562099 0.0 1.0 95
-0.27255533676334737 1.0 0.0 1.0 96
1.0 0.7632932280733304 1.0 1.0 97
1.0 1.0 0.0 1.0 98
0.0 0.591477389099753 0.0 1.0 99
0.0 1.605367766062148 0.0 1.0 100
1.0 1.5302107080116747 1.0 1.0 101
0.0 1.6882464317993504 0.0 1.0 102
0.0 0.42233700567215926 0.0 1.0 103
0.0 1.427511403674039 0.0 1.0 104
-0.6306081113325684 1.0 0.0 1.0 105
1.0 0.46405619488484345 1.0 1.0 106
1.0 1.4523065211926183 1.0 1.0 107
1.6029043421618812 1.0 1.0 1.0 108
0.0 1.7650107584205295 0.0 1.0 109
0.0 0.1419702040135418 0.0 1.0 110
0.0 1.8442932297457018 0.0 1.0 111
1.0 1.9241639326355493 1.0 1.0 112
0.0 2.0 0.0 1.0 113
-1.0 1.0 0.0 1.0 114
1.0 0.0 1.0 1.0 115
2.0 1.0 1.0 1.0 116
*** t = 40
1.0 0.3314027522314474 1.0 0.0 21
1.6203725229377262 1.0 2.0 1.0 39
0.6199039795492488 1.0 1.0 1.0 46
1.0 0.07182899035807751 1.0 0.0 48
1.3741066381343967 1.0 2.0 1.0 55
1.0 1.0 2.0 1.0 56
1.0 1.8702529685953624 1.0 2.0 57
-0.9764847937703378 1.0 -1.0 1.0 59
1.0 0.8844673503060201 1.0 0.0 60
0.37073060929542334 1.0 0.0 1.0 61
-0.38136000091505723 1.0 -1.0 1.0 62
0.9929929045188877 1.0 1.0 1.0 66
1.0 1.0 1.0 2.0 67
-0.6586889385499316 1.0 -1.0 1.0 68
1.0 1.0 1.0 2.0 69
0.0 1.32946778522268 0.0 2.0 70
1.0 0.39335651098157853 1.0 0.0 71
0.38547838626256614 1.0 0.0 1.0 72
1.0 0.49906535326669976 1.0 0.0 73
0.16800090349259425 1.0 1.0 1.0 74
0.6071167860314628 1.0 1.0 1.0 75
1.0 0.7018491174623799 1.0 0.0 76
-0.195871094874872 1.0 -1.0 1.0 77
0.0 0.5511083269224867 0.0 0.0 78
0.6884491878351144 1.0 0.0 1.0 79
1.0552248212397002 1.0 1.0 1.0 80
0.0 1.0 1.0 1.0 81
0.7482018395345303 1.0 1.0 1.0 82
1.3634671311278959 1.0 2.0 1.0 83
0.0 0.7735285677885648 0.0 0.0 84
0.4677419609981325 1.0 1.0 1.0 85
0.0 1.0 0.0 0.0 86
0.0 0.744846807020161 0.0 0.0 87
1.0 1.0 0.0 1.0 88
1.4516809853275954 1.0 2.0 1.0 89
1.2262781321894105 1.0 1.0 1.0 90
0.0 1.1481734735524696 0.0 1.0 91
0.0 1.0 1.0 1.0 92
0.0 1.0807531272357067 0.0 1.0 93
1.0 1.0 1.0 0.0 94
0.0 1.399812216065578 0.0 1.0 95
-0.15131455955723852 1.0 0.0 1.0 96
1.0 0.8905087660855522 1.0 1.0 97
0.8276165438816528 1.0 0.0 1.0 98
0.0 0.7097728669197036 0.0 1.0 99
0.0 1.5264413192745776 0.0 1.0 100
1.0 1.4362528496140095 1.0 1.0 101
0.0 1.610308039749188 0.0 1.0 102
0.0 0.563116007562879 0.0 1.0 103
0.0 1.2366818715653853 0.0 1.0 104
-0.507477481776758 1.0 0.0 1.0 105
1.0 0.6187415931797914 1.0 1.0 106
1.0 1.2697420282568246 1.0 1.0 107
1.4705391228825082 1.0 1.0 1.0 108
0.0 1.647516137630794 0.0 1.0 109
0.0 0.2839404080270836 0.0 1.0 110
0.0 1.6885864594914037 0.0 1.0 111
1.0 1.8483278652710988 1.0 1.0 112
0.0 1.8717764739094187 0.0 1.0 113
-0.920948646162432 1.0 0.0 1.0 114
1.0 0.08907815920617308 1.0 1.0 115
1.8525029820448666 1.0 1.0 1.0 116
0.0 0.0 0.0 1.0 117
0.0 2.0 0.0 1.0 118
1.0 2.0 1.0 1.0 119
*** t = 41
1.0 0.24782809626037833 1.0 0.0 21
1.7237679434273472 1.0 2.0 1.0 39
0.6887821994991653 1.0 1.0 1.0 46
1.4988088508458624 1.0 2.0 1.0 55
1.108001224120833 1.0 2.0 1.0 56
1.0 0.7689347006120404 1.0 0.0 60
0.2808349820519123 1.0 0.0 1.0 61
-0.5084800012200763 1.0 -1.0 1.0 62
1.0 1.0 1.0 0.0 66
1.0 1.1305631989322038 1.0 2.0 67
-0.7684704283082536 1.0 -1.0 1.0 68
1.0 1.1305981998209056 1.0 2.0 69
0.0 1.4942016778340201 0.0 2.0 70
1.0 0.29224926281184166 1.0 0.0 71
0.28305811730632713 1.0 0.0 1.0 72
1.0 0.3320871376889329 1.0 0.0 73
0.2520013552388914 1.0 1.0 1.0 74
0.7285401432377554 1.0 1.0 1.0 75
1.0 0.6024654899498398 1.0 0.0 76
-0.293806642312308 1.0 -1.0 1.0 77
0.0 0.43888540865310843 0.0 0.0 78
0.5845989171134858 1.0 0.0 1.0 79
1.0 1.0 0.0 1.0 80
0.08796732668169321 1.0 1.0 1.0 81
0.8978422074414364 1.0 1.0 1.0 82
1.484622841503861 1.0 2.0 1.0 83
0.0 0.6602928516828473 0.0 0.0 84
0.62365594799751 1.0 1.0 1.0 85
0.0 0.890041303569555 0.0 0.0 86
0.0 0.6172702105302418 0.0 0.0 87
0.891959478486873 1.0 0.0 1.0 88
1.6022413137701272 1.0 2.0 1.0 89
1.1489059454083517 1.0 1.0 1.0 90
0.0 1.0535260817249663 0.0 1.0 91
0.13106547434787108 1.0 1.0 1.0 92
0.0 1.0 1.0 1.0 93
1.0 0.8658373624895737 1.0 0.0 94
0.0 1.3140711040749462 0.0 1.0 95
-0.030073782351129664 1.0 0.0 1.0 96
1.0 1.0 0.0 1.0 97
0.6552330877633057 1.0 0.0 1.0 98
0.0 0.8280683447396542 0.0 1.0 99
0.0 1.447514872487007 0.0 1.0 100
1.0 1.3422949912163444 1.0 1.0 101
0.0 1.5323696476990252 0.0 1.0 102
0.0 0.7038950094535988 0.0 1.0 103
0.0 1.0458523394567316 0.0 1.0 104
-0.38434685222094744 1.0 0.0 1.0 105
1.0 0.7734269914747393 1.0 1.0 106
1.0 1.087177535321031 1.0 1.0 107
1.3381739036031355 1.0 1.0 1.0 108
0.0 1.530021516841059 0.0 1.0 109
0.0 0.4259106120406254 0.0 1.0 110
0.0 1.5328796892371053 0.0 1.0 111
1.0 1.7724917979066481 1.0 1.0 112
0.0 1.7435529478188372 0.0 1.0 113
-0.8418972923248639 1.0 0.0 1.0 114
1.0 0.17815631841234617 1.0 1.0 115
1.705005964089733 1.0 1.0 1.0 116
0.0 0.12458880164838933 0.0 1.0 117
0.0 1.8345097794711238 0.0 1.0 118
1.0 1.8281932312940055 1.0 1.0 119
0.0 2.0 0.0 1.0 120
*** t = 42
1.0 0.16425344028930935 1.0 0.0 21
1.8271633639169682 1.0 2.0 1.0 39
0.7576604194490818 1.0 1.0 1.0 46
1.6235110635573278 1.0 2.0 1.0 55
1.216002448241666 1.0 2.0 1.0 56
1.0 0.6534020509180607 1.0 0.0 60
0.19093935480840143 1.0 0.0 1.0 61
-0.6356000015250953 1.0 -1.0 1.0 62
1.0 0.8758758869351391 1.0 0.0 66
1.0 1.2611263978644076 1.0 2.0 67
-0.8782519180665754 1.0 -1.0 1.0 68
1.0 1.2611963996418112 1.0 2.0 69
0.0 1.65893557044536 0.0 2.0 70
1.0 0.19114201464210467 1.0 0.0 71
0.18063784835008817 1.0 0.0 1.0 72
1.0 0.16510892211116612 1.0 0.0 73
0.3360018069851885 1.0 1.0 1.0 74
0.8499635004440481 1.0 1.0 1.0 75
1.0 0.5030818624372998 1.0 0.0 76
-0.391742189749744 1.0 -1.0 1.0 77
0.0 0.3266624903837301 0.0 0.0 78
0.4807486463918573 1.0 0.0 1.0 79
0.9273249862492077 1.0 0.0 1.0 80
0.17593465336338643 1.0 1.0 1.0 81
1.0 1.0 1.0 0.0 82
1.605778551879826 1.0 2.0 1.0 83
0.0 0.5470571355771296 0.0 0.0 84
0.7795699349968875 1.0 1.0 1.0 85
0.0 0.7800826071391098 0.0 0.0 86
0.0 0.4896936140403223 0.0 0.0 87
0.783918956973746 1.0 0.0 1.0 88
1.752801642212659 1.0 2.0 1.0 89
1.0715337586272928 1.0 1.0 1.0 90
0.0 1.0 -1.0 1.0 91
0.26213094869574216 1.0 1.0 1.0 92
0.11490585909553667 1.0 1.0 1.0 93
1.0 0.7316747249791472 1.0 0.0 94
0.0 1.2283299920843147 0.0 1.0 95
0.0 1.0 1.0 1.0 96
0.8727844619877783 1.0 0.0 1.0 97
0.4828496316449584 1.0 0.0 1.0 98
0.0 0.9463638225596049 0.0 1.0 99
0.0 1.3685884256994365 0.0 1.0 100
1.0 1.2483371328186794 1.0 1.0 101
0.0 1.4544312556488628 0.0 1.0 102
0.0 0.8446740113443186 0.0 1.0 103
0.0 1.0 1.0 1.0 104
-0.26121622266513683 1.0 0.0 1.0 105
1.0 0.9281123897696871 1.0 1.0 106
1.0 1.0 0.0 1.0 107
1.2058086843237623 1.0 1.0 1.0 108
0.0 1.4125268960513235 0.0 1.0 109
0.0 0.5678808160541672 0.0 1.0 110
0.0 1.377172918982807 0.0 1.0 111
1.0 1.6966557305421974 1.0 1.0 112
0.0 1.6153294217282559 0.0 1.0 113
-0.7628459384872959 1.0 0.0 1.0 114
1.0 0.26723447761851926 1.0 1.0 115
1.5575089461345994 1.0 1.0 1.0 116
0.0 0.24917760329677865 0.0 1.0 117
0.0 1.6690195589422476 0.0 1.0 118
1.0 1.656386462588011 1.0 1.0 119
0.0 1.8984869425879762 0.0 1.0 120
0.0 0.0 0.0 1.0 121
0.0 2.0 0.0 1.0 122
-1.0 1.0 0.0 1.0 123
1.0 0.0 1.0 1.0 124
1.0 2.0 1.0 1.0 125
2.0 1.0 1.0 1.0 126
*** t = 43
1.0 0.08067878431824027 1.0 0.0 21
1.9305587844065892 1.0 2.0 1.0 39
0.8265386393989984 1.0 1.0 1.0 46
1.7482132762687936 1.0 2.0 1.0 55
1.3240036723624988 1.0 2.0 1.0 56
1.0 0.5378694012240808 1.0 0.0 60
0.10104372756489041 1.0 0.0 1.0 61
-0.7627200018301142 1.0 -1.0 1.0 62
1.0 0.751751773870278 1.0 0.0 66
1.0 1.3916895967966112 1.0 2.0 67
-0.9880334078248975 1.0 -1.0 1.0 68
1.0 1.3917945994627166 1.0 2.0 69
0.0 1.8236694630567 0.0 2.0 70
1.0 0.0900347664723678 1.0 0.0 71
0.07821757939384909 1.0 0.0 1.0 72
0.42000225873148556 1.0 1.0 1.0 74
0.9713868576503405 1.0 1.0 1.0 75
1.0 0.40369823492475976 1.0 0.0 76
-0.48967773718718 1.0 -1.0 1.0 77
0.0 0.21443957211435177 0.0 0.0 78
0.37689837567022877 1.0 0.0 1.0 79
0.8546499724984155 1.0 0.0 1.0 80
0.26390198004507964 1.0 1.0 1.0 81
1.0 0.8503596320930938 1.0 0.0 82
1.7269342622557915 1.0 2.0 1.0 83
0.0 0.4338214194714121 0.0 0.0 84
0.9354839219962651 1.0 1.0 1.0 85
0.0 0.6701239107086648 0.0 0.0 86
0.0 0.36211701755040293 0.0 0.0 87
0.6758784354606192 1.0 0.0 1.0 88
1.9033619706551912 1.0 2.0 1.0 89
1.0 1.0 1.0 0.0 90
-0.09464739182750337 1.0 -1.0 1.0 91
0.39319642304361324 1.0 1.0 1.0 92
0.22981171819107335 1.0 1.0 1.0 93
1.0 0.5975120874687208 1.0 0.0 94
0.0 1.142588880093683 0.0 1.0 95
0.12124077720610876 1.0 1.0 1.0 96
0.7455689239755565 1.0 0.0 1.0 97
0.31046617552661115 1.0 0.0 1.0 98
0.0 1.0 -1.0 1.0 99
0.0 1.2896619789118662 0.0 1.0 100
1.0 1.1543792744210144 1.0 1.0 101
0.0 1.3764928635987004 0.0 1.0 102
0.0 0.9854530132350383 0.0 1.0 103
0.19082953210865367 1.0 1.0 1.0 104
-0.13808559310932636 1.0 0.0 1.0 105
1.0 1.0 0.0 1.0 106
0.8174355070642062 1.0 0.0 1.0 107
1.0734434650443894 1.0 1.0 1.0 108
0.0 1.2950322752615882 0.0 1.0 109
0.0 0.7098510200677091 0.0 1.0 110
0.0 1.221466148728509 0.0 1.0 111
1.0 1.620819663177747 1.0 1.0 112
0.0 1.4871058956376744 0.0 1.0 113
-0.6837945846497278 1.0 0.0 1.0 114
1.0 0.35631263682469233 1.0 1.0 115
1.4100119281794659 1.0 1.0 1.0 116
0.0 0.373766404945168 0.0 1.0 117
0.0 1.5035293384133714 0.0 1.0 118
1.0 1.484579693882016 1.0 1.0 119
0.0 1.7969738851759525 0.0 1.0 120
0.0 0.13958316194855144 0.0 1.0 121
0.0 1.906301208048938 0.0 1.0 122
-0.899970268638738 1.0 0.0 1.0 123
1.0 0.08522051849001842 1.0 1.0 124
1.0 1.8331384718385666 1.0 1.0 125
1.8496338665070817 1.0 1.0 1.0 126
0.0 2.0 0.0 1.0 127
*** t = 44
0.8954168593489148 1.0 1.0 1.0 46
1.8729154889802593 1.0 2.0 1.0 55
1.4320048964833318 1.0 2.0 1.0 56
1.0 0.4223367515301011 1.0 0.0 60
0.01114810032137953 1.0 0.0 1.0 61
-0.8898400021351334 1.0 -1.0 1.0 62
1.0 0.6276276608054171 1.0 0.0 66
1.0 1.522252795728815 1.0 2.0 67
1.0 1.5223927992836224 1.0 2.0 69
0.0 1.98840335566804 0.0 2.0 70
0.0 1.0 -1.0 1.0 72
0.5040027104777828 1.0 1.0 1.0 74
1.0 1.0 1.0 0.0 75
1.0 0.30431460741221966 1.0 0.0 76
-0.587613284624616 1.0 -1.0 1.0 77
0.0 0.10221665384497342 0.0 0.0 78
0.2730481049486002 1.0 0.0 1.0 79
0.7819749587476232 1.0 0.0 1.0 80
0.35186930672677286 1.0 1.0 1.0 81
1.0 0.7007192641861879 1.0 0.0 82
1.8480899726317568 1.0 2.0 1.0 83
0.0 0.3205857033656946 0.0 0.0 84
1.0 1.0 1.0 0.0 85
0.0 0.5601652142782197 0.0 0.0 86
0.0 0.23454042106048362 0.0 0.0 87
0.5678379139474922 1.0 0.0 1.0 88
1.0 0.922627813218941 1.0 0.0 90
-0.18929478365500674 1.0 -1.0 1.0 91
0.5242618973914843 1.0 1.0 1.0 92
0.34471757728661 1.0 1.0 1.0 93
1.0 0.4633494499582944 1.0 0.0 94
0.0 1.056847768103051 0.0 1.0 95
0.24248155441221753 1.0 1.0 1.0 96
0.6183533859633348 1.0 0.0 1.0 97
0.13808271940826386 1.0 0.0 1.0 98
-0.1182954778199506 1.0 -1.0 1.0 99
0.0 1.2107355321242956 0.0 1.0 100
1.0 1.0604214160233494 1.0 1.0 101
0.0 1.298554471548538 0.0 1.0 102
0.0 1.0 0.0 2.0 103
0.38165906421730733 1.0 1.0 1.0 104
-0.014954963553515768 1.0 0.0 1.0 105
0.8453146017050521 1.0 0.0 1.0 106
0.6348710141284123 1.0 0.0 1.0 107
1.0 1.0 1.0 2.0 108
0.0 1.177537654471853 0.0 1.0 109
0.0 0.8518212240812507 0.0 1.0 110
0.0 1.0657593784742105 0.0 1.0 111
1.0 1.5449835958132963 1.0 1.0 112
0.0 1.358882369547093 0.0 1.0 113
-0.6047432308121597 1.0 0.0 1.0 114
1.0 0.4453907960308654 1.0 1.0 115
1.2625149102243323 1.0 1.0 1.0 116
0.0 0.4983552065935573 0.0 1.0 117
0.0 1.338039117884495 0.0 1.0 118
1.0 1.3127729251760214 1.0 1.0 119
0.0 1.6954608277639283 0.0 1.0 120
0.0 0.2791663238971029 0.0 1.0 121
0.0 1.8126024160978762 0.0 1.0 122
-0.7999405372774759 1.0 0.0 1.0 123
1.0 0.17044103698003685 1.0 1.0 124
1.0 1.6662769436771334 1.0 1.0 125
1.6992677330141635 1.0 1.0 1.0 126
0.0 1.8178449524378204 0.0 1.0 127
0.0 0.0 0.0 1.0 128
0.0 2.0 0.0 1.0 129
1.0 2.0 1.0 1.0 130
*** t = 45
0.9642950792988313 1.0 1.0 1.0 46
1.9976177016917251 1.0 2.0 1.0 55
1.5400061206041646 1.0 2.0 1.0 56
1.0 0.3068041018361212 1.0 0.0 60
0.0 1.0 -1.0 1.0 61
1.0 0.5035035477405561 1.0 0.0 66
1.0 1.6528159946610188 1.0 2.0 67
1.0 1.6529909991045277 1.0 2.0 69
-0.10242026895623897 1.0 -1.0 1.0 72
0.5880031622240799 1.0 1.0 1.0 74
1.0 0.8785766427937074 1.0 0.0 75
1.0 0.20493097989967965 1.0 0.0 76
-0.6855488320620521 1.0 -1.0 1.0 77
0.16919783422697166 1.0 0.0 1.0 79
0.7092999449968309 1.0 0.0 1.0 80
0.439836633408466 1.0 1.0 1.0 81
1.0 0.5510788962792817 1.0 0.0 82
1.9692456830077218 1.0 2.0 1.0 83
0.0 0.207349987259977 0.0 0.0 84
1.0 0.8440860130006225 1.0 0.0 85
0.0 0.45020651784777477 0.0 0.0 86
0.0 0.10696382457056415 0.0 0.0 87
0.45979739243436524 1.0 0.0 1.0 88
1.0 0.8452556264378822 1.0 0.0 90
-0.2839421754825101 1.0 -1.0 1.0 91
0.6553273717393554 1.0 1.0 1.0 92
0.4596234363821467 1.0 1.0 1.0 93
1.0 0.3291868124478681 1.0 0.0 94
0.0 1.0 -1.0 1.0 95
0.36372233161832634 1.0 1.0 1.0 96
0.491137847951113 1.0 0.0 1.0 97
0.0 1.0 0.0 2.0 98
-0.2365909556399012 1.0 -1.0 1.0 99
0.0 1.1318090853367253 0.0 1.0 100
1.0 1.0 0.0 1.0 101
0.0 1.2206160794983756 0.0 1.0 102
0.0 1.1407790018907198 0.0 2.0 103
0.5724885963259609 1.0 1.0 1.0 104
0.0 1.0 0.0 2.0 105
0.6906292034101043 1.0 0.0 1.0 106
0.4523065211926185 1.0 0.0 1.0 107
1.0 1.132365219279373 1.0 2.0 108
0.0 1.0600430336821176 0.0 1.0 109
0.0 0.9937914280947925 0.0 1.0 110
0.0 1.0 1.0 1.0 111
1.0 1.4691475284488456 1.0 1.0 112
0.0 1.2306588434565116 0.0 1.0 113
-0.5256918769745916 1.0 0.0 1.0 114
1.0 0.5344689552370385 1.0 1.0 115
1.1150178922691987 1.0 1.0 1.0 116
0.0 0.6229440082419466 0.0 1.0 117
0.0 1.172548897355619 0.0 1.0 118
1.0 1.1409661564700269 1.0 1.0 119
0.0 1.5939477703519045 0.0 1.0 120
0.0 0.4187494858456543 0.0 1.0 121
0.0 1.7189036241468143 0.0 1.0 122
-0.699910805916214 1.0 0.0 1.0 123
1.0 0.25566155547005526 1.0 1.0 124
1.0 1.4994154155157002 1.0 1.0 125
1.5489015995212452 1.0 1.0 1.0 126
0.0 1.635689904875641 0.0 1.0 127
0.0 0.11639691875640924 0.0 1.0 128
0.0 1.8845634246911533 0.0 1.0 129
1.0 1.9274127180580864 1.0 1.0 130
0.0 2.0 0.0 1.0 131
-1.0 1.0 0.0 1.0 132
1.0 0.0 1.0 1.0 133
2.0 1.0 1.0 1.0 134
*** t = 46
1.0 1.0 2.0 1.0 46
1.6480073447249977 1.0 2.0 1.0 56
1.0 0.19127145214214153 1.0 0.0 60
-0.08989562724351094 1.0 -1.0 1.0 61
1.0 0.3793794346756951 1.0 0.0 66
1.0 1.7833791935932226 1.0 2.0 67
1.0 1.7835891989254333 1.0 2.0 69
-0.20484053791247794 1.0 -1.0 1.0 72
0.672003613970377 1.0 1.0 1.0 74
1.0 0.7571532855874149 1.0 0.0 75
1.0 0.1055473523871396 1.0 0.0 76
-0.7834843794994881 1.0 -1.0 1.0 77
0.06534756350534308 1.0 0.0 1.0 79
0.6366249312460386 1.0 0.0 1.0 80
0.5278039600901593 1.0 1.0 1.0 81
1.0 0.40143852837237565 1.0 0.0 82
0.0 0.09411427115425937 0.0 0.0 84
1.0 0.688172026001245 1.0 0.0 85
0.0 0.3402478214173297 0.0 0.0 86
0.35175687092123836 1.0 0.0 1.0 88
1.0 0.7678834396568232 1.0 0.0 90
-0.3785895673100135 1.0 -1.0 1.0 91
0.7863928460872265 1.0 1.0 1.0 92
0.5745292954776834 1.0 1.0 1.0 93
1.0 0.19502417493744176 1.0 0.0 94
-0.08574111199063171 1.0 -1.0 1.0 95
0.48496310882443505 1.0 1.0 1.0 96
0.3639223099388913 1.0 0.0 1.0 97
0.0 1.1723834561183473 0.0 2.0 98
-0.3548864334598518 1.0 -1.0 1.0 99
0.0 1.0528826385491548 0.0 1.0 100
0.906042141602335 1.0 0.0 1.0 101
0.0 1.1426776874482132 0.0 1.0 102
0.0 1.2815580037814396 0.0 2.0 103
0.7633181284346147 1.0 1.0 1.0 104
0.0 1.1231306295558106 0.0 2.0 105
0.5359438051151565 1.0 0.0 1.0 106
0.2697420282568247 1.0 0.0 1.0 107
1.0 1.264730438558746 1.0 2.0 108
0.0 1.0 -1.0 1.0 109
0.0 1.0 1.0 1.0 110
0.15570677025429822 1.0 1.0 1.0 111
1.0 1.3933114610843946 1.0 1.0 112
0.0 1.10243531736593 0.0 1.0 113
-0.4466405231370236 1.0 0.0 1.0 114
1.0 0.6235471144432116 1.0 1.0 115
1.0 1.0 0.0 1.0 116
0.0 0.747532809890336 0.0 1.0 117
0.0 1.0070586768267429 0.0 1.0 118
1.0 1.0 0.0 1.0 119
0.0 1.4924347129398807 0.0 1.0 120
0.0 0.5583326477942058 0.0 1.0 121
0.0 1.6252048321957522 0.0 1.0 122
-0.5998810745549519 1.0 0.0 1.0 123
1.0 0.3408820739600737 1.0 1.0 124
1.0 1.3325538873542666 1.0 1.0 125
1.398535466028327 1.0 1.0 1.0 126
0.0 1.4535348573134614 0.0 1.0 127
0.0 0.23279383751281849 0.0 1.0 128
0.0 1.7691268493823065 0.0 1.0 129
1.0 1.8548254361161731 1.0 1.0 130
0.0 1.919574078700348 0.0 1.0 131
-0.8726072159671712 1.0 0.0 1.0 132
1.0 0.12176589453590403 1.0 1.0 133
1.9238549183345282 1.0 1.0 1.0 134
0.0 0.0 0.0 1.0 135
0.0 2.0 0.0 1.0 136
1.0 2.0 1.0 1.0 137
*** t = 47
1.0688782199499165 1.0 2.0 1.0 46
1.7560085688458305 1.0 2.0 1.0 56
1.0 0.07573880244816167 1.0 0.0 60
-0.17979125448702188 1.0 -1.0 1.0 61
1.0 0.2552553216108342 1.0 0.0 66
1.0 1.9139423925254266 1.0 2.0 67
1.0 1.914187398746339 1.0 2.0 69
-0.30726080686871693 1.0 -1.0 1.0 72
0.7560040657166741 1.0 1.0 1.0 74
1.0 0.6357299283811223 1.0 0.0 75
1.0 0.006163724874599552 1.0 0.0 76
-0.8814199269369242 1.0 -1.0 1.0 77
0.0 1.0 0.0 2.0 79
0.5639499174952464 1.0 0.0 1.0 80
0.6157712867718526 1.0 1.0 1.0 81
1.0 0.2517981604654696 1.0 0.0 82
1.0 0.5322580390018675 1.0 0.0 85
0.0 0.23028912498688456 0.0 0.0 86
0.24371634940811135 1.0 0.0 1.0 88
1.0 0.6905112528757644 1.0 0.0 90
-0.47323695913751684 1.0 -1.0 1.0 91
0.9174583204350975 1.0 1.0 1.0 92
0.68943515457322 1.0 1.0 1.0 93
1.0 0.06086153742701541 1.0 0.0 94
-0.17148222398126342 1.0 -1.0 1.0 95
0.6062038860305439 1.0 1.0 1.0 96
0.23670677192666958 1.0 0.0 1.0 97
0.0 1.3447669122366943 0.0 2.0 98
-0.4731819112798024 1.0 -1.0 1.0 99
0.0 1.0 0.0 0.0 100
0.81208428320467 1.0 0.0 1.0 101
0.0 1.0647392953980508 0.0 1.0 102
0.0 1.4223370056721591 0.0 2.0 103
0.9541476605432684 1.0 1.0 1.0 104
0.0 1.2462612591116211 0.0 2.0 105
0.3812584068202087 1.0 0.0 1.0 106
0.08717753532103088 1.0 0.0 1.0 107
1.0 1.3970956578381188 1.0 2.0 108
-0.1174946207897353 1.0 -1.0 1.0 109
0.1419702040135418 1.0 1.0 1.0 110
0.31141354050859643 1.0 1.0 1.0 111
1.0 1.3174753937199442 1.0 1.0 112
0.0 1.0 1.0 1.0 113
-0.3675891692994555 1.0 0.0 1.0 114
1.0 0.7126252736493848 1.0 1.0 115
0.8525029820448665 1.0 0.0 1.0 116
0.0 0.8721216115387252 0.0 1.0 117
0.0 1.0 1.0 1.0 118
0.8281932312940055 1.0 0.0 1.0 119
0.0 1.3909216555278567 0.0 1.0 120
0.0 0.6979158097427571 0.0 1.0 121
0.0 1.5315060402446903 0.0 1.0 122
-0.4998513431936898 1.0 0.0 1.0 123
1.0 0.4261025924500921 1.0 1.0 124
1.0 1.1656923591928336 1.0 1.0 125
1.2481693325354086 1.0 1.0 1.0 126
0.0 1.2713798097512818 0.0 1.0 127
0.0 0.34919075626922774 0.0 1.0 128
0.0 1.6536902740734596 0.0 1.0 129
1.0 1.7822381541742596 1.0 1.0 130
0.0 1.8391481574006954 0.0 1.0 131
-0.7452144319343422 1.0 0.0 1.0 132
1.0 0.24353178907180806 1.0 1.0 133
1.8477098366690563 1.0 1.0 1.0 134
0.0 0.12673163759816256 0.0 1.0 135
0.0 1.886689093873533 0.0 1.0 136
1.0 1.8915431664826412 1.0 1.0 137
0.0 2.0 0.0 1.0 138
*** t = 48
1.137756439899833 1.0 2.0 1.0 46
1.8640097929666632 1.0 2.0 1.0 56
-0.2696868817305328 1.0 -1.0 1.0 61
1.0 0.13113120854597327 1.0 0.0 66
-0.4096810758249559 1.0 -1.0 1.0 72
0.8400045174629711 1.0 1.0 1.0 74
1.0 0.5143065711748298 1.0 0.0 75
-0.9793554743743601 1.0 -1.0 1.0 77
0.0 1.1038502707216287 0.0 2.0 79
0.49127490374445415 1.0 0.0 1.0 80
0.7037386134535457 1.0 1.0 1.0 81
1.0 0.10215779255856361 1.0 0.0 82
1.0 0.37634405200249 1.0 0.0 85
0.0 0.12033042855643955 0.0 0.0 86
0.13567582789498445 1.0 0.0 1.0 88
1.0 0.6131390660947054 1.0 0.0 90
-0.5678843509650202 1.0 -1.0 1.0 91
1.0 1.0 2.0 1.0 92
0.8043410136687567 1.0 1.0 1.0 93
-0.2572233359718951 1.0 -1.0 1.0 95
0.7274446632366527 1.0 1.0 1.0 96
0.10949123391444786 1.0 0.0 1.0 97
0.0 1.5171503683550416 0.0 2.0 98
-0.591477389099753 1.0 -1.0 1.0 99
0.0 0.9210735532124297 0.0 0.0 100
0.7181264248070047 1.0 0.0 1.0 101
0.0 1.0 1.0 1.0 102
0.0 1.563116007562879 0.0 2.0 103
1.0 1.0 2.0 1.0 104
0.0 1.3693918886674317 0.0 2.0 105
0.22657300852526077 1.0 0.0 1.0 106
0.0 1.0 0.0 2.0 107
1.0 1.5294608771174918 1.0 2.0 108
-0.2349892415794706 1.0 -1.0 1.0 109
0.2839404080270836 1.0 1.0 1.0 110
0.4671203107628946 1.0 1.0 1.0 111
1.0 1.2416393263554932 1.0 1.0 112
0.1282235260905814 1.0 1.0 1.0 113
-0.2885378154618874 1.0 0.0 1.0 114
1.0 0.8017034328555579 1.0 1.0 115
0.7050059640897329 1.0 0.0 1.0 116
0.0 0.9967104131871147 0.0 1.0 117
0.1654902205288762 1.0 1.0 1.0 118
0.6563864625880107 1.0 0.0 1.0 119
0.0 1.289408598115833 0.0 1.0 120
0.0 0.8374989716913087 0.0 1.0 121
0.0 1.4378072482936284 0.0 1.0 122
-0.3998216118324278 1.0 0.0 1.0 123
1.0 0.5113231109401105 1.0 1.0 124
1.0 1.0 2.0 1.0 125
1.0978031990424904 1.0 1.0 1.0 126
0.0 1.0892247621891022 0.0 1.0 127
0.0 0.46558767502563697 0.0 1.0 128
0.0 1.5382536987646127 0.0 1.0 129
1.0 1.709650872232346 1.0 1.0 130
0.0 1.758722236101043 0.0 1.0 131
-0.6178216479015134 1.0 0.0 1.0 132
1.0 0.3652976836077121 1.0 1.0 133
1.7715647550035845 1.0 1.0 1.0 134
0.0 0.2534632751963251 0.0 1.0 135
0.0 1.773378187747066 0.0 1.0 136
1.0 1.7830863329652826 1.0 1.0 137
0.0 1.8984700895588043 0.0 1.0 138
0.0 0.0 0.0 1.0 139
0.0 2.0 0.0 1.0 140
-1.0 1.0 0.0 1.0 141
1.0 0.0 1.0 1.0 142
1.0 2.0 1.0 1.0 143
2.0 1.0 1.0 1.0 144
*** t = 49
1.2066346598497497 1.0 2.0 1.0 46
1.9720110170874963 1.0 2.0 1.0 56
-0.35958250897404376 1.0 -1.0 1.0 61
1.0 0.007007095481112344 1.0 0.0 66
-0.5121013447811948 1.0 -1.0 1.0 72
0.9240049692092682 1.0 1.0 1.0 74
1.0 0.3928832139685372 1.0 0.0 75
0.0 1.2077005414432571 0.0 2.0 79
0.4185998899936618 1.0 0.0 1.0 80
0.7917059401352389 1.0 1.0 1.0 81
1.0 0.2204300650031125 1.0 0.0 85
0.0 0.010371732125994413 0.0 0.0 86
0.02763530638185756 1.0 0.0 1.0 88
1.0 0.5357668793136464 1.0 0.0 90
-0.6625317427925236 1.0 -1.0 1.0 91
1.131065474347871 1.0 2.0 1.0 92
0.9192468727642933 1.0 1.0 1.0 93
-0.34296444796252684 1.0 -1.0 1.0 95
0.8486854404427615 1.0 1.0 1.0 96
0.0 1.0 0.0 2.0 97
0.0 1.6895338244733886 0.0 2.0 98
-0.7097728669197036 1.0 -1.0 1.0 99
0.0 0.8421471064248591 0.0 0.0 100
0.6241685664093397 1.0 0.0 1.0 101
0.07793839205016244 1.0 1.0 1.0 102
0.0 1.703895009453599 0.0 2.0 103
1.1908295321086537 1.0 2.0 1.0 104
0.0 1.4925225182232422 0.0 2.0 105
0.0718876102303129 1.0 0.0 1.0 106
0.0 1.1825644929357937 0.0 2.0 107
1.0 1.6618260963968645 1.0 2.0 108
-0.3524838623692059 1.0 -1.0 1.0 109
0.4259106120406254 1.0 1.0 1.0 110
0.6228270810171929 1.0 1.0 1.0 111
1.0 1.1658032589910428 1.0 1.0 112
0.2564470521811628 1.0 1.0 1.0 113
-0.20948646162431928 1.0 0.0 1.0 114
1.0 0.890781592061731 1.0 1.0 115
0.5575089461345994 1.0 0.0 1.0 116
0.0 1.0 0.0 2.0 117
0.3309804410577524 1.0 1.0 1.0 118
0.48457969388201616 1.0 0.0 1.0 119
0.0 1.1878955407038092 0.0 1.0 120
0.0 0.9770821336398602 0.0 1.0 121
0.0 1.3441084563425665 0.0 1.0 122
-0.2997918804711658 1.0 0.0 1.0 123
1.0 0.596543629430129 1.0 1.0 124
1.1668615281614334 1.0 2.0 1.0 125
1.0 1.0 1.0 0.0 126
0.0 1.0 1.0 1.0 127
0.0 0.5819845937820463 0.0 1.0 128
0.0 1.422817123455766 0.0 1.0 129
1.0 1.6370635902904325 1.0 1.0 130
0.0 1.6782963148013907 0.0 1.0 131
-0.4904288638686845 1.0 0.0 1.0 132
1.0 0.4870635781436161 1.0 1.0 133
1.6954196733381126 1.0 1.0 1.0 134
0.0 0.3801949127944877 0.0 1.0 135
0.0 1.6600672816205988 0.0 1.0 136
1.0 1.674629499447924 1.0 1.0 137
0.0 1.7969401791176083 0.0 1.0 138
0.0 0.11676391900759685 0.0 1.0 139
0.0 1.8688030122114299 0.0 1.0 140
-0.8789828839082021 1.0 0.0 1.0 141
1.0 0.15121449186960997 1.0 1.0 142
1.0 1.8210454900943818 1.0 1.0 143
1.8883692544577937 1.0 1.0 1.0 144
0.0 2.0 0.0 1.0 145
