*** t = 0
*** t = 1
*** t = 2
*** t = 3
*** t = 4
*** t = 5
*** t = 6
*** t = 7
*** t = 8
*** t = 9
*** t = 10
1.0 1.0 1.0 0.0 1
*** t = 11
1.0 0.8993579585770695 1.0 0.0 1
*** t = 12
1.0 0.7987159171541391 1.0 0.0 1
*** t = 13
1.0 0.6980738757312086 1.0 0.0 1
*** t = 14
1.0 0.5974318343082782 1.0 0.0 1
*** t = 15
1.0 0.49678979288534775 1.0 0.0 1
0.0 0.0 1.0 0.0 2
*** t = 16
1.0 0.3961477514624173 1.0 0.0 1
0.10996653147777041 0.0 1.0 0.0 2
2.0 0.0 1.0 0.0 3
*** t = 17
1.0 0.2955057100394869 1.0 0.0 1
0.21993306295554083 0.0 1.0 0.0 2
1.876260401185341 0.0 1.0 0.0 3
*** t = 18
1.0 0.1948636686165564 1.0 0.0 1
0.32989959443331124 0.0 1.0 0.0 2
1.7525208023706818 0.0 1.0 0.0 3
*** t = 19
1.0 0.09422162719362603 1.0 0.0 1
0.43986612591108165 0.0 1.0 0.0 2
1.6287812035560227 0.0 1.0 0.0 3
*** t = 20
1.0 0.0 2.0 0.0 1
0.5498326573888521 0.0 1.0 0.0 2
1.5050416047413637 0.0 1.0 0.0 3
1.0 1.0 1.0 0.0 4
*** t = 21
1.1006420414229305 0.0 2.0 0.0 1
0.6597991888666226 0.0 1.0 0.0 2
1.3813020059267047 0.0 1.0 0.0 3
1.0 0.9222946938014431 1.0 0.0 4
*** t = 22
1.2012840828458609 0.0 2.0 0.0 1
0.7697657203443931 0.0 1.0 0.0 2
1.2575624071120457 0.0 1.0 0.0 3
1.0 0.8445893876028862 1.0 0.0 4
*** t = 23
1.3019261242687916 0.0 2.0 0.0 1
0.8797322518221635 0.0 1.0 0.0 2
1.1338228082973867 0.0 1.0 0.0 3
1.0 0.7668840814043292 1.0 0.0 4
*** t = 24
1.4025681656917217 0.0 2.0 0.0 1
0.9896987832999341 0.0 1.0 0.0 2
1.0100832094827277 0.0 1.0 0.0 3
1.0 0.6891787752057722 1.0 0.0 4
*** t = 25
1.5032102071146523 0.0 2.0 0.0 1
1.0 0.0 1.0 1.0 2
1.0 0.0 1.0 1.0 3
1.0 0.6114734690072152 1.0 0.0 4
*** t = 26
1.6038522485375828 0.0 2.0 0.0 1
1.0 0.10996653147777041 1.0 1.0 2
1.0 0.12373959881465905 1.0 1.0 3
1.0 0.5337681628086582 1.0 0.0 4
*** t = 27
1.7044942899605133 0.0 2.0 0.0 1
1.0 0.21993306295554083 1.0 1.0 2
1.0 0.2474791976293181 1.0 1.0 3
1.0 0.45606285661010126 1.0 0.0 4
*** t = 28
1.8051363313834434 0.0 2.0 0.0 1
1.0 0.32989959443331124 1.0 1.0 2
1.0 0.37121879644397715 1.0 1.0 3
1.0 0.3783575504115443 1.0 0.0 4
*** t = 29
1.905778372806374 0.0 2.0 0.0 1
1.0 0.43986612591108165 1.0 1.0 2
1.0 0.4949583952586362 1.0 1.0 3
1.0 0.30065224421298736 1.0 0.0 4
*** t = 30
1.0 0.5498326573888521 1.0 1.0 2
1.0 0.6186979940732953 1.0 1.0 3
1.0 0.22294693801443033 1.0 0.0 4
1.0 1.0 1.0 0.0 5
0.0 0.0 1.0 0.0 6
*** t = 31
1.0 0.6597991888666226 1.0 1.0 2
1.0 0.7424375928879543 1.0 1.0 3
1.0 0.1452416318158734 1.0 0.0 4
1.0 0.8785750209632919 1.0 0.0 5
0.10726400214851627 0.0 1.0 0.0 6
*** t = 32
1.0 0.7697657203443931 1.0 1.0 2
1.0 0.8661771917026132 1.0 1.0 3
1.0 0.06753632561731635 1.0 0.0 4
1.0 0.7571500419265838 1.0 0.0 5
0.21452800429703253 0.0 1.0 0.0 6
2.0 0.0 1.0 0.0 7
*** t = 33
1.0 0.8797322518221635 1.0 1.0 2
1.0 0.9899167905172723 1.0 1.0 3
1.0 0.0 2.0 0.0 4
1.0 0.6357250628898757 1.0 0.0 5
0.32179200644554873 0.0 1.0 0.0 6
1.8621728531975388 0.0 1.0 0.0 7
*** t = 34
1.0 0.9896987832999341 1.0 1.0 2
1.0777053061985569 0.0 2.0 0.0 4
1.0 0.5143000838531675 1.0 0.0 5
0.42905600859406506 0.0 1.0 0.0 6
1.7243457063950773 0.0 1.0 0.0 7
*** t = 35
1.1554106123971137 0.0 2.0 0.0 4
1.0 0.39287510481645943 1.0 0.0 5
0.5363200107425813 0.0 1.0 0.0 6
1.586518559592616 0.0 1.0 0.0 7
*** t = 36
1.2331159185956708 0.0 2.0 0.0 4
1.0 0.27145012577975136 1.0 0.0 5
0.6435840128910975 0.0 1.0 0.0 6
1.4486914127901545 0.0 1.0 0.0 7
*** t = 37
1.3108212247942277 0.0 2.0 0.0 4
1.0 0.15002514674304324 1.0 0.0 5
0.7508480150396138 0.0 1.0 0.0 6
1.3108642659876932 0.0 1.0 0.0 7
*** t = 38
1.3885265309927848 0.0 2.0 0.0 4
1.0 0.02860016770633507 1.0 0.0 5
0.8581120171881301 0.0 1.0 0.0 6
1.173037119185232 0.0 1.0 0.0 7
*** t = 39
1.4662318371913416 0.0 2.0 0.0 4
1.0 0.0 0.0 0.0 5
0.9653760193366465 0.0 1.0 0.0 6
1.0352099723827706 0.0 1.0 0.0 7
*** t = 40
1.5439371433898987 0.0 2.0 0.0 4
0.8785750209632919 0.0 0.0 0.0 5
1.0 0.0 1.0 1.0 6
1.0 0.0 0.0 0.0 7
1.0 1.0 1.0 0.0 8
*** t = 41
1.6216424495884558 0.0 2.0 0.0 4
0.7571500419265838 0.0 0.0 0.0 5
1.0 0.10726400214851627 1.0 1.0 6
0.8621728531975387 0.0 0.0 0.0 7
1.0 0.8876234929418177 1.0 0.0 8
*** t = 42
1.6993477557870125 0.0 2.0 0.0 4
0.6357250628898757 0.0 0.0 0.0 5
1.0 0.21452800429703253 1.0 1.0 6
0.7243457063950772 0.0 0.0 0.0 7
1.0 0.7752469858836356 1.0 0.0 8
*** t = 43
1.7770530619855698 0.0 2.0 0.0 4
0.5143000838531675 0.0 0.0 0.0 5
1.0 0.32179200644554873 1.0 1.0 6
0.5865185595926159 0.0 0.0 0.0 7
1.0 0.6628704788254535 1.0 0.0 8
*** t = 44
1.8547583681841266 0.0 2.0 0.0 4
0.39287510481645943 0.0 0.0 0.0 5
1.0 0.42905600859406506 1.0 1.0 6
0.44869141279015456 0.0 0.0 0.0 7
1.0 0.5504939717672712 1.0 0.0 8
*** t = 45
1.9324636743826835 0.0 2.0 0.0 4
0.27145012577975136 0.0 0.0 0.0 5
1.0 0.5363200107425813 1.0 1.0 6
0.31086426598769323 0.0 0.0 0.0 7
1.0 0.4381174647090891 1.0 0.0 8
0.0 0.0 1.0 0.0 9
*** t = 46
0.15002514674304324 0.0 0.0 0.0 5
1.0 0.6435840128910975 1.0 1.0 6
0.1730371191852319 0.0 0.0 0.0 7
1.0 0.3257409576509069 1.0 0.0 8
0.1449430185867964 0.0 1.0 0.0 9
*** t = 47
0.02860016770633507 0.0 0.0 0.0 5
1.0 0.7508480150396138 1.0 1.0 6
0.03520997238277061 0.0 0.0 0.0 7
1.0 0.21336445059272477 1.0 0.0 8
0.2898860371735928 0.0 1.0 0.0 9
*** t = 48
1.0 0.8581120171881301 1.0 1.0 6
1.0 0.10098794353454267 1.0 0.0 8
0.4348290557603892 0.0 1.0 0.0 9
2.0 0.0 1.0 0.0 10
*** t = 49
1.0 0.9653760193366465 1.0 1.0 6
1.0 0.0 0.0 0.0 8
0.5797720743471856 0.0 1.0 0.0 9
1.8819136188247783 0.0 1.0 0.0 10
