*** t = 0
*** t = 1
*** t = 2
*** t = 3
*** t = 4
*** t = 5
*** t = 6
*** t = 7
*** t = 8
*** t = 9
*** t = 10
1.0 1.0 1.0 0.0 1
*** t = 11
1.0 0.8954190233477884 1.0 0.0 1
*** t = 12
1.0 0.7908380466955768 1.0 0.0 1
*** t = 13
1.0 0.6862570700433652 1.0 0.0 1
*** t = 14
1.0 0.5816760933911537 1.0 0.0 1
*** t = 15
1.0 0.4770951167389421 1.0 0.0 1
0.0 0.0 1.0 0.0 2
*** t = 16
1.0 0.3725141400867306 1.0 0.0 1
0.14981353068076847 0.0 1.0 0.0 2
2.0 0.0 1.0 0.0 3
*** t = 17
1.0 0.26793316343451906 1.0 0.0 1
0.29962706136153694 0.0 1.0 0.0 2
1.8592815444639987 0.0 1.0 0.0 3
*** t = 18
1.0 0.16335218678230745 1.0 0.0 1
0.4494405920423054 0.0 1.0 0.0 2
1.7185630889279977 0.0 1.0 0.0 3
*** t = 19
1.0 0.058771210130095855 1.0 0.0 1
0.5992541227230739 0.0 1.0 0.0 2
1.5778446333919964 0.0 1.0 0.0 3
*** t = 20
1.0458097665221158 0.0 2.0 0.0 1
0.7490676534038423 0.0 1.0 0.0 2
1.4371261778559952 0.0 1.0 0.0 3
1.0 1.0 1.0 0.0 4
*** t = 21
1.1503907431743274 0.0 2.0 0.0 1
0.8988811840846107 0.0 1.0 0.0 2
1.296407722319994 0.0 1.0 0.0 3
1.0 0.8811369163929699 1.0 0.0 4
*** t = 22
1.2549717198265389 0.0 2.0 0.0 1
1.0 0.04869471476537912 1.0 1.0 2
1.1556892667839929 0.0 1.0 0.0 3
1.0 0.7622738327859397 1.0 0.0 4
*** t = 23
1.3595526964787508 0.0 2.0 0.0 1
1.0 0.1985082454461476 1.0 1.0 2
1.0149708112479918 0.0 1.0 0.0 3
1.0 0.6434107491789095 1.0 0.0 4
*** t = 24
1.4641336731309622 0.0 2.0 0.0 1
1.0 0.3483217761269161 1.0 1.0 2
0.8742523557119906 0.0 0.0 0.0 3
1.0 0.5245476655718795 1.0 0.0 4
*** t = 25
1.5687146497831737 0.0 2.0 0.0 1
1.0 0.49813530680768453 1.0 1.0 2
0.7335339001759894 0.0 0.0 0.0 3
1.0 0.40568458196484924 1.0 0.0 4
*** t = 26
1.673295626435385 0.0 2.0 0.0 1
1.0 0.6479488374884529 1.0 1.0 2
0.5928154446399883 0.0 0.0 0.0 3
1.0 0.2868214983578191 1.0 0.0 4
*** t = 27
1.7778766030875968 0.0 2.0 0.0 1
1.0 0.7977623681692214 1.0 1.0 2
0.45209698910398705 0.0 0.0 0.0 3
1.0 0.16795841475078901 1.0 0.0 4
*** t = 28
1.8824575797398082 0.0 2.0 0.0 1
1.0 0.9475758988499898 1.0 1.0 2
0.311378533567986 0.0 0.0 0.0 3
1.0 0.0490953311437589 1.0 0.0 4
*** t = 29
1.98703855639202 0.0 2.0 0.0 1
0.17066007803198474 0.0 0.0 0.0 3
1.0697677524632714 0.0 2.0 0.0 4
*** t = 30
0.02994162249598361 0.0 0.0 0.0 3
1.1886308360703015 0.0 2.0 0.0 4
1.0 1.0 1.0 0.0 5
0.0 0.0 1.0 0.0 6
*** t = 31
1.3074939196773316 0.0 2.0 0.0 4
1.0 0.863082404532168 1.0 0.0 5
0.10147097269033009 0.0 1.0 0.0 6
*** t = 32
1.4263570032843618 0.0 2.0 0.0 4
1.0 0.7261648090643358 1.0 0.0 5
0.20294194538066018 0.0 1.0 0.0 6
2.0 0.0 1.0 0.0 7
*** t = 33
1.545220086891392 0.0 2.0 0.0 4
1.0 0.5892472135965037 1.0 0.0 5
0.30441291807099025 0.0 1.0 0.0 6
1.898685136648321 0.0 1.0 0.0 7
*** t = 34
1.664083170498422 0.0 2.0 0.0 4
1.0 0.4523296181286716 1.0 0.0 5
0.40588389076132037 0.0 1.0 0.0 6
1.797370273296642 0.0 1.0 0.0 7
*** t = 35
1.7829462541054522 0.0 2.0 0.0 4
1.0 0.31541202266083945 1.0 0.0 5
0.5073548634516505 0.0 1.0 0.0 6
1.696055409944963 0.0 1.0 0.0 7
*** t = 36
1.9018093377124825 0.0 2.0 0.0 4
1.0 0.1784944271930074 1.0 0.0 5
0.6088258361419806 0.0 1.0 0.0 6
1.594740546593284 0.0 1.0 0.0 7
*** t = 37
1.0 0.04157683172517523 1.0 0.0 5
0.7102968088323106 0.0 1.0 0.0 6
1.4934256832416049 0.0 1.0 0.0 7
*** t = 38
0.9046592362573432 0.0 0.0 0.0 5
0.8117677815226407 0.0 1.0 0.0 6
1.392110819889926 0.0 1.0 0.0 7
*** t = 39
0.767741640789511 0.0 0.0 0.0 5
0.9132387542129708 0.0 1.0 0.0 6
1.290795956538247 0.0 1.0 0.0 7
*** t = 40
0.6308240453216789 0.0 0.0 0.0 5
1.014709726903301 0.0 2.0 0.0 6
1.1894810931865678 0.0 1.0 0.0 7
1.0 1.0 1.0 0.0 8
*** t = 41
0.4939064498538468 0.0 0.0 0.0 5
1.1161806995936312 0.0 2.0 0.0 6
1.0881662298348886 0.0 1.0 0.0 7
1.0 0.8842359008875978 1.0 0.0 8
*** t = 42
0.35698885438601463 0.0 0.0 0.0 5
1.217651672283961 0.0 2.0 0.0 6
0.9868513664832096 0.0 0.0 0.0 7
1.0 0.7684718017751955 1.0 0.0 8
*** t = 43
0.22007125891818263 0.0 0.0 0.0 5
1.3191226449742914 0.0 2.0 0.0 6
0.8855365031315308 0.0 0.0 0.0 7
1.0 0.6527077026627933 1.0 0.0 8
*** t = 44
0.08315366345035045 0.0 0.0 0.0 5
1.4205936176646212 0.0 2.0 0.0 6
0.7842216397798516 0.0 0.0 0.0 7
1.0 0.5369436035503911 1.0 0.0 8
*** t = 45
1.5220645903549512 0.0 2.0 0.0 6
0.6829067764281725 0.0 0.0 0.0 7
1.0 0.42117950443798885 1.0 0.0 8
0.0 0.0 1.0 0.0 9
*** t = 46
1.6235355630452815 0.0 2.0 0.0 6
0.5815919130764936 0.0 0.0 0.0 7
1.0 0.3054154053255866 1.0 0.0 8
0.12193582569508969 0.0 1.0 0.0 9
*** t = 47
1.725006535735612 0.0 2.0 0.0 6
0.48027704972481466 0.0 0.0 0.0 7
1.0 0.18965130621318424 1.0 0.0 8
0.24387165139017938 0.0 1.0 0.0 9
*** t = 48
1.8264775084259417 0.0 2.0 0.0 6
0.3789621863731356 0.0 0.0 0.0 7
1.0 0.07388720710078203 1.0 0.0 8
0.36580747708526906 0.0 1.0 0.0 9
2.0 0.0 1.0 0.0 10
*** t = 49
1.9279484811162717 0.0 2.0 0.0 6
0.2776473230214566 0.0 0.0 0.0 7
1.0418768920116201 0.0 2.0 0.0 8
0.48774330278035877 0.0 1.0 0.0 9
1.888651441762983 0.0 1.0 0.0 10
*** t = 50
0.17633245966977754 0.0 0.0 0.0 7
1.1576409911240224 0.0 2.0 0.0 8
0.6096791284754485 0.0 1.0 0.0 9
1.7773028835259657 0.0 1.0 0.0 10
1.0 1.0 1.0 0.0 11
