*** t = 0
*** t = 1
*** t = 2
0.0 0.0 0.0 1.0 1
4.0 2.0 4.0 1.0 2
*** t = 3
0.0 0.1271624012848953 0.0 1.0 1
4.0 1.8791872535414287 4.0 1.0 2
4.0 0.0 4.0 1.0 3
5.0 1.0 4.0 1.0 4
*** t = 4
0.0 0.2543248025697906 0.0 1.0 1
4.0 1.7583745070828576 4.0 1.0 2
4.0 0.12216314495912294 4.0 1.0 3
4.911194618747041 1.0 4.0 1.0 4
0.0 0.0 0.0 1.0 5
4.0 2.0 4.0 1.0 6
*** t = 5
0.0 0.38148720385468593 0.0 1.0 1
4.0 1.6375617606242867 4.0 1.0 2
4.0 0.24432628991824587 4.0 1.0 3
4.822389237494082 1.0 4.0 1.0 4
0.0 0.1425024141621452 0.0 1.0 5
4.0 1.8893032038025859 4.0 1.0 6
0.0 2.0 0.0 1.0 7
*** t = 6
0.0 0.5086496051395812 0.0 1.0 1
4.0 1.5167490141657154 4.0 1.0 2
4.0 0.3664894348773688 4.0 1.0 3
4.7335838562411245 1.0 4.0 1.0 4
0.0 0.2850048283242904 0.0 1.0 5
4.0 1.7786064076051717 4.0 1.0 6
0.0 1.9291543936238431 0.0 1.0 7
0.0 0.0 0.0 1.0 8
4.0 0.0 4.0 1.0 9
4.0 2.0 4.0 1.0 10
5.0 1.0 4.0 1.0 11
*** t = 7
0.0 0.6358120064244766 0.0 1.0 1
4.0 1.3959362677071443 4.0 1.0 2
4.0 0.48865257983649174 4.0 1.0 3
4.644778474988166 1.0 4.0 1.0 4
0.0 0.4275072424864356 0.0 1.0 5
4.0 1.6679096114077578 4.0 1.0 6
0.0 1.858308787247686 0.0 1.0 7
0.0 0.13439857846150682 0.0 1.0 8
4.0 0.16744113793689885 4.0 1.0 9
4.0 1.9465703318113097 4.0 1.0 10
4.866216971308752 1.0 4.0 1.0 11
*** t = 8
0.0 0.7629744077093719 0.0 1.0 1
4.0 1.2751235212485732 4.0 1.0 2
4.0 0.6108157247956146 4.0 1.0 3
4.555973093735208 1.0 4.0 1.0 4
0.0 0.5700096566485808 0.0 1.0 5
4.0 1.5572128152103437 4.0 1.0 6
0.0 1.7874631808715293 0.0 1.0 7
0.0 0.26879715692301365 0.0 1.0 8
4.0 0.3348822758737977 4.0 1.0 9
4.0 1.8931406636226191 4.0 1.0 10
4.7324339426175035 1.0 4.0 1.0 11
0.0 0.0 0.0 1.0 12
4.0 2.0 4.0 1.0 13
*** t = 9
0.0 0.8901368089942672 0.0 1.0 1
4.0 1.154310774790002 4.0 1.0 2
4.0 0.7329788697547376 4.0 1.0 3
4.467167712482249 1.0 4.0 1.0 4
0.0 0.712512070810726 0.0 1.0 5
4.0 1.4465160190129296 4.0 1.0 6
0.0 1.7166175744953722 0.0 1.0 7
0.0 0.40319573538452047 0.0 1.0 8
4.0 0.5023234138106966 4.0 1.0 9
4.0 1.8397109954339288 4.0 1.0 10
4.598650913926256 1.0 4.0 1.0 11
0.0 0.0705282620645829 0.0 1.0 12
4.0 1.852531655733334 4.0 1.0 13
4.0 0.0 4.0 1.0 14
5.0 1.0 4.0 1.0 15
*** t = 10
0.0 1.0 4.0 1.0 1
4.0 1.033498028331431 4.0 1.0 2
4.0 0.8551420147138606 4.0 1.0 3
4.37836233122929 1.0 4.0 1.0 4
0.0 0.8550144849728711 0.0 1.0 5
4.0 1.3358192228155155 4.0 1.0 6
0.0 1.6457719681192151 0.0 1.0 7
0.0 0.5375943138460273 0.0 1.0 8
4.0 0.6697645517475954 4.0 1.0 9
4.0 1.7862813272452382 4.0 1.0 10
4.464867885235008 1.0 4.0 1.0 11
0.0 0.1410565241291658 0.0 1.0 12
4.0 1.7050633114666678 4.0 1.0 13
4.0 0.11570287366975782 4.0 1.0 14
4.852397338794971 1.0 4.0 1.0 15
0.0 0.0 0.0 1.0 16
0.0 2.0 0.0 1.0 17
4.0 2.0 4.0 1.0 18
*** t = 11
0.1271624012848953 1.0 4.0 1.0 1
4.0 1.0 0.0 1.0 2
4.0 0.9773051596729835 4.0 1.0 3
4.289556949976332 1.0 4.0 1.0 4
0.0 0.9975168991350162 0.0 1.0 5
4.0 1.2251224266181013 4.0 1.0 6
0.0 1.5749263617430582 0.0 1.0 7
0.0 0.6719928923075341 0.0 1.0 8
4.0 0.8372056896844943 4.0 1.0 9
4.0 1.732851659056548 4.0 1.0 10
4.33108485654376 1.0 4.0 1.0 11
0.0 0.2115847861937487 0.0 1.0 12
4.0 1.5575949672000018 4.0 1.0 13
4.0 0.23140574733951563 4.0 1.0 14
4.704794677589941 1.0 4.0 1.0 15
0.0 0.09728074776891966 0.0 1.0 16
0.0 1.8433620368959993 0.0 1.0 17
4.0 1.849092255200514 4.0 1.0 18
*** t = 12
0.2543248025697906 1.0 4.0 1.0 1
3.879187253541429 1.0 0.0 1.0 2
4.0 1.0 0.0 1.0 3
4.200751568723374 1.0 4.0 1.0 4
0.0 1.0 4.0 1.0 5
4.0 1.1144256304206872 4.0 1.0 6
0.0 1.5040807553669016 0.0 1.0 7
0.0 0.8063914707690409 0.0 1.0 8
4.0 1.0 5.0 1.0 9
4.0 1.6794219908678574 4.0 1.0 10
4.197301827852512 1.0 4.0 1.0 11
0.0 0.2821130482583316 0.0 1.0 12
4.0 1.4101266229333356 4.0 1.0 13
4.0 0.3471086210092734 4.0 1.0 14
4.557192016384912 1.0 4.0 1.0 15
0.0 0.19456149553783933 0.0 1.0 16
0.0 1.6867240737919986 0.0 1.0 17
4.0 1.6981845104010276 4.0 1.0 18
0.0 0.0 0.0 1.0 19
4.0 0.0 4.0 1.0 20
4.0 2.0 4.0 1.0 21
5.0 1.0 4.0 1.0 22
*** t = 13
0.38148720385468593 1.0 4.0 1.0 1
3.7583745070828574 1.0 0.0 1.0 2
3.877836855040877 1.0 0.0 1.0 3
4.111946187470415 1.0 4.0 1.0 4
0.1425024141621452 1.0 4.0 1.0 5
4.0 1.003728834223273 4.0 1.0 6
0.0 1.4332351489907444 0.0 1.0 7
0.0 0.9407900492305479 0.0 1.0 8
4.167441137936899 1.0 5.0 1.0 9
4.0 1.625992322679167 4.0 1.0 10
4.063518799161264 1.0 4.0 1.0 11
0.0 0.3526413103229145 0.0 1.0 12
4.0 1.2626582786666698 4.0 1.0 13
4.0 0.46281149467903127 4.0 1.0 14
4.4095893551798815 1.0 4.0 1.0 15
0.0 0.291842243306759 0.0 1.0 16
0.0 1.5300861106879977 0.0 1.0 17
4.0 1.5472767656015411 4.0 1.0 18
0.0 0.10809749018837668 0.0 1.0 19
4.0 0.12429336055883919 4.0 1.0 20
4.0 1.8520305584779215 4.0 1.0 21
4.849493143427811 1.0 4.0 1.0 22
*** t = 14
0.5086496051395812 1.0 4.0 1.0 1
3.6375617606242865 1.0 0.0 1.0 2
3.755673710081754 1.0 0.0 1.0 3
4.023140806217456 1.0 4.0 1.0 4
0.2850048283242904 1.0 4.0 1.0 5
4.0 1.0 0.0 1.0 6
0.0 1.3623895426145876 0.0 1.0 7
0.0 1.0 4.0 1.0 8
4.334882275873798 1.0 5.0 1.0 9
4.0 1.5725626544904765 4.0 1.0 10
4.0 1.0 0.0 1.0 11
0.0 0.4231695723874974 0.0 1.0 12
4.0 1.1151899344000038 4.0 1.0 13
4.0 0.5785143683487891 4.0 1.0 14
4.261986693974852 1.0 4.0 1.0 15
0.0 0.38912299107567866 0.0 1.0 16
0.0 1.373448147583997 0.0 1.0 17
4.0 1.3963690208020552 4.0 1.0 18
0.0 0.21619498037675336 0.0 1.0 19
4.0 0.24858672111767838 4.0 1.0 20
4.0 1.7040611169558426 4.0 1.0 21
4.698986286855622 1.0 4.0 1.0 22
0.0 0.0 0.0 1.0 23
4.0 2.0 4.0 1.0 24
*** t = 15
0.6358120064244766 1.0 4.0 1.0 1
3.516749014165715 1.0 0.0 1.0 2
3.6335105651226316 1.0 0.0 1.0 3
4.0 1.0 4.0 2.0 4
0.4275072424864356 1.0 4.0 1.0 5
3.889303203802586 1.0 0.0 1.0 6
0.0 1.2915439362384307 0.0 1.0 7
0.13439857846150682 1.0 4.0 1.0 8
4.5023234138106965 1.0 5.0 1.0 9
4.0 1.5191329863017862 4.0 1.0 10
3.8662169713087517 1.0 0.0 1.0 11
0.0 0.49369783445208026 0.0 1.0 12
4.0 1.0 4.0 0.0 13
4.0 0.6942172420185471 4.0 1.0 14
4.114384032769823 1.0 4.0 1.0 15
0.0 0.4864037388445983 0.0 1.0 16
0.0 1.2168101844799966 0.0 1.0 17
4.0 1.245461276002569 4.0 1.0 18
0.0 0.32429247056513005 0.0 1.0 19
4.0 0.37288008167651754 4.0 1.0 20
4.0 1.556091675433764 4.0 1.0 21
4.548479430283433 1.0 4.0 1.0 22
0.0 0.17230948986204228 0.0 1.0 23
4.0 1.8942329154115913 4.0 1.0 24
0.0 2.0 0.0 1.0 25
4.0 0.0 4.0 1.0 26
5.0 1.0 4.0 1.0 27
*** t = 16
0.7629744077093719 1.0 4.0 1.0 1
3.3959362677071443 1.0 0.0 1.0 2
3.5113474201635086 1.0 0.0 1.0 3
4.0 1.0888053812529586 4.0 2.0 4
0.5700096566485808 1.0 4.0 1.0 5
3.7786064076051717 1.0 0.0 1.0 6
0.0 1.2206983298622738 0.0 1.0 7
0.26879715692301365 1.0 4.0 1.0 8
4.669764551747595 1.0 5.0 1.0 9
4.0 1.4657033181130958 4.0 1.0 10
3.732433942617504 1.0 0.0 1.0 11
0.0 0.5642260965166632 0.0 1.0 12
4.0 0.8525316557333339 4.0 0.0 13
4.0 0.8099201156883048 4.0 1.0 14
4.0 1.0 4.0 0.0 15
0.0 0.583684486613518 0.0 1.0 16
0.0 1.0601722213759959 0.0 1.0 17
4.0 1.0945535312030827 4.0 1.0 18
0.0 0.4323899607535067 0.0 1.0 19
4.0 0.49717344223535676 4.0 1.0 20
4.0 1.4081222339116852 4.0 1.0 21
4.397972573711244 1.0 4.0 1.0 22
0.0 0.34461897972408456 0.0 1.0 23
4.0 1.7884658308231827 4.0 1.0 24
0.0 1.8926975265004535 0.0 1.0 25
4.0 0.15716423515699976 4.0 1.0 26
4.866432291078903 1.0 4.0 1.0 27
0.0 0.0 0.0 1.0 28
4.0 2.0 4.0 1.0 29
*** t = 17
0.8901368089942672 1.0 4.0 1.0 1
3.2751235212485734 1.0 0.0 1.0 2
3.3891842752043853 1.0 0.0 1.0 3
4.0 1.177610762505917 4.0 2.0 4
0.712512070810726 1.0 4.0 1.0 5
3.6679096114077576 1.0 0.0 1.0 6
0.0 1.149852723486117 0.0 1.0 7
0.40319573538452047 1.0 4.0 1.0 8
4.837205689684494 1.0 5.0 1.0 9
4.0 1.4122736499244053 4.0 1.0 10
3.5986509139262557 1.0 0.0 1.0 11
0.0 0.6347543585812461 0.0 1.0 12
4.0 0.7050633114666678 4.0 0.0 13
4.0 0.9256229893580626 4.0 1.0 14
4.0 0.8523973387949704 4.0 0.0 15
0.0 0.6809652343824378 0.0 1.0 16
0.0 1.0 4.0 1.0 17
4.0 1.0 0.0 1.0 18
0.0 0.5404874509418834 0.0 1.0 19
4.0 0.621466802794196 4.0 1.0 20
4.0 1.2601527923896065 4.0 1.0 21
4.247465717139055 1.0 4.0 1.0 22
0.0 0.5169284695861268 0.0 1.0 23
4.0 1.6826987462347736 4.0 1.0 24
0.0 1.7853950530009073 0.0 1.0 25
4.0 0.3143284703139995 4.0 1.0 26
4.732864582157806 1.0 4.0 1.0 27
0.0 0.13189113675938935 0.0 1.0 28
4.0 1.8818744932019447 4.0 1.0 29
*** t = 18
1.0172992102791625 1.0 4.0 1.0 1
3.1543107747900025 1.0 0.0 1.0 2
3.2670211302452623 1.0 0.0 1.0 3
4.0 1.2664161437588755 4.0 2.0 4
0.8550144849728711 1.0 4.0 1.0 5
3.5572128152103435 1.0 0.0 1.0 6
0.0 1.07900711710996 0.0 1.0 7
0.5375943138460273 1.0 4.0 1.0 8
4.0 1.3588439817357147 4.0 1.0 10
3.4648678852350083 1.0 0.0 1.0 11
0.0 0.7052826206458289 0.0 1.0 12
4.0 0.5575949672000019 4.0 0.0 13
4.0 1.0 4.0 2.0 14
4.0 0.7047946775899407 4.0 0.0 15
0.0 0.7782459821513573 0.0 1.0 16
0.1566379631040007 1.0 4.0 1.0 17
3.849092255200514 1.0 0.0 1.0 18
0.0 0.6485849411302601 0.0 1.0 19
4.0 0.7457601633530352 4.0 1.0 20
4.0 1.1121833508675278 4.0 1.0 21
4.0969588605668665 1.0 4.0 1.0 22
0.0 0.6892379594481691 0.0 1.0 23
4.0 1.576931661646365 4.0 1.0 24
0.0 1.6780925795013608 0.0 1.0 25
4.0 0.4714927054709993 4.0 1.0 26
4.599296873236709 1.0 4.0 1.0 27
0.0 0.2637822735187787 0.0 1.0 28
4.0 1.763748986403889 4.0 1.0 29
0.0 0.0 0.0 1.0 30
4.0 0.0 4.0 1.0 31
4.0 2.0 4.0 1.0 32
5.0 1.0 4.0 1.0 33
*** t = 19
1.1444616115640578 1.0 4.0 1.0 1
3.033498028331431 1.0 0.0 1.0 2
3.1448579852861394 1.0 0.0 1.0 3
4.0 1.355221525011834 4.0 2.0 4
0.9975168991350162 1.0 4.0 1.0 5
3.44651601901293 1.0 0.0 1.0 6
0.0 1.0081615107338031 0.0 1.0 7
0.6719928923075341 1.0 4.0 1.0 8
4.0 1.3054143135470244 4.0 1.0 10
3.33108485654376 1.0 0.0 1.0 11
0.0 0.7758108827104118 0.0 1.0 12
4.0 0.4101266229333358 4.0 0.0 13
4.0 1.1157028736697578 4.0 2.0 14
4.0 0.5571920163849112 4.0 0.0 15
0.0 0.8755267299202771 0.0 1.0 16
0.3132759262080014 1.0 4.0 1.0 17
3.698184510401028 1.0 0.0 1.0 18
0.0 0.7566824313186368 0.0 1.0 19
4.0 0.8700535239118744 4.0 1.0 20
4.0 1.0 0.0 1.0 21
4.0 1.0 0.0 1.0 22
0.0 0.8615474493102114 0.0 1.0 23
4.0 1.4711645770579562 4.0 1.0 24
0.0 1.5707901060018146 0.0 1.0 25
4.0 0.628656940627999 4.0 1.0 26
4.465729164315612 1.0 4.0 1.0 27
0.0 0.39567341027816805 0.0 1.0 28
4.0 1.645623479605834 4.0 1.0 29
0.0 0.08641162889556388 0.0 1.0 30
4.0 0.13095884012747847 4.0 1.0 31
4.0 1.8518347321968494 4.0 1.0 32
4.874441474306001 1.0 4.0 1.0 33
*** t = 20
1.271624012848953 1.0 4.0 1.0 1
2.91268528187286 1.0 0.0 1.0 2
3.0226948403270164 1.0 0.0 1.0 3
4.0 1.4440269062647926 4.0 2.0 4
1.1400193132971614 1.0 4.0 1.0 5
3.3358192228155157 1.0 0.0 1.0 6
0.0 1.0 0.0 0.0 7
0.8063914707690409 1.0 4.0 1.0 8
4.0 1.2519846453583339 4.0 1.0 10
3.197301827852512 1.0 0.0 1.0 11
0.0 0.8463391447749946 0.0 1.0 12
4.0 0.2626582786666698 4.0 0.0 13
4.0 1.2314057473395157 4.0 2.0 14
4.0 0.4095893551798816 4.0 0.0 15
0.0 0.9728074776891968 0.0 1.0 16
0.46991388931200206 1.0 4.0 1.0 17
3.5472767656015414 1.0 0.0 1.0 18
0.0 0.8647799215070134 0.0 1.0 19
4.0 0.9943468844707136 4.0 1.0 20
3.8520305584779213 1.0 0.0 1.0 21
3.8494931434278112 1.0 0.0 1.0 22
0.0 1.0 4.0 1.0 23
4.0 1.3653974924695473 4.0 1.0 24
0.0 1.4634876325022679 0.0 1.0 25
4.0 0.7858211757849988 4.0 1.0 26
4.332161455394515 1.0 4.0 1.0 27
0.0 0.5275645470375574 0.0 1.0 28
4.0 1.5274979728077787 4.0 1.0 29
0.0 0.17282325779112775 0.0 1.0 30
4.0 0.26191768025495693 4.0 1.0 31
4.0 1.7036694643936985 4.0 1.0 32
4.748882948612001 1.0 4.0 1.0 33
0.0 0.0 0.0 1.0 34
0.0 2.0 0.0 1.0 35
4.0 2.0 4.0 1.0 36
*** t = 21
1.3987864141338486 1.0 4.0 1.0 1
2.791872535414289 1.0 0.0 1.0 2
2.900531695367894 1.0 0.0 1.0 3
4.0 1.5328322875177511 4.0 2.0 4
1.2825217274593066 1.0 4.0 1.0 5
3.2251224266181016 1.0 0.0 1.0 6
0.0 0.929154393623843 0.0 0.0 7
0.9407900492305479 1.0 4.0 1.0 8
4.0 1.1985549771696435 4.0 1.0 10
3.063518799161264 1.0 0.0 1.0 11
0.0 0.9168674068395775 0.0 1.0 12
4.0 0.11518993440000386 4.0 0.0 13
4.0 1.3471086210092733 4.0 2.0 14
4.0 0.2619866939748519 4.0 0.0 15
0.0 1.0 0.0 2.0 16
0.6265518524160028 1.0 4.0 1.0 17
3.396369020802055 1.0 0.0 1.0 18
0.0 0.97287741169539 0.0 1.0 19
4.0 1.0 4.0 2.0 20
3.704061116955843 1.0 0.0 1.0 21
3.698986286855622 1.0 0.0 1.0 22
0.17230948986204228 1.0 4.0 1.0 23
4.0 1.2596304078811387 4.0 1.0 24
0.0 1.3561851590027214 0.0 1.0 25
4.0 0.9429854109419985 4.0 1.0 26
4.198593746473418 1.0 4.0 1.0 27
0.0 0.6594556837969467 0.0 1.0 28
4.0 1.409372466009723 4.0 1.0 29
0.0 0.25923488668669165 0.0 1.0 30
4.0 0.39287652038243537 4.0 1.0 31
4.0 1.555504196590548 4.0 1.0 32
4.623324422918002 1.0 4.0 1.0 33
0.0 0.13287872769813328 0.0 1.0 34
0.0 1.8800487898758782 0.0 1.0 35
4.0 1.8647900859126627 4.0 1.0 36
4.0 0.0 4.0 1.0 37
5.0 1.0 4.0 1.0 38
*** t = 22
1.5259488154187437 1.0 4.0 1.0 1
2.6710597889557177 1.0 0.0 1.0 2
2.778368550408771 1.0 0.0 1.0 3
4.0 1.6216376687707095 4.0 2.0 4
1.425024141621452 1.0 4.0 1.0 5
3.1144256304206874 1.0 0.0 1.0 6
0.0 0.8583087872476861 0.0 0.0 7
1.0751886276920546 1.0 4.0 1.0 8
4.0 1.145125308980953 4.0 1.0 10
2.9297357704700158 1.0 0.0 1.0 11
0.0 0.9873956689041603 0.0 1.0 12
4.0 1.4628114946790314 4.0 2.0 14
4.0 0.11438403276982229 4.0 0.0 15
0.0 1.0972807477689197 0.0 2.0 16
0.7831898155200033 1.0 4.0 1.0 17
3.245461276002569 1.0 0.0 1.0 18
0.0 1.0 0.0 2.0 19
4.0 1.1242933605588392 4.0 2.0 20
3.556091675433764 1.0 0.0 1.0 21
3.5484794302834333 1.0 0.0 1.0 22
0.34461897972408456 1.0 4.0 1.0 23
4.0 1.1538633232927298 4.0 1.0 24
0.0 1.248882685503175 0.0 1.0 25
4.0 1.0 0.0 1.0 26
4.065026037552322 1.0 4.0 1.0 27
0.0 0.7913468205563361 0.0 1.0 28
4.0 1.291246959211668 4.0 1.0 29
0.0 0.3456465155822555 0.0 1.0 30
4.0 0.5238353605099139 4.0 1.0 31
4.0 1.4073389287873972 4.0 1.0 32
4.497765897224003 1.0 4.0 1.0 33
0.0 0.26575745539626655 0.0 1.0 34
0.0 1.7600975797517568 0.0 1.0 35
4.0 1.7295801718253259 4.0 1.0 36
4.0 0.13461740533125927 4.0 1.0 37
4.8592008647493286 1.0 4.0 1.0 38
0.0 0.0 0.0 1.0 39
4.0 2.0 4.0 1.0 40
*** t = 23
1.6531112167036388 1.0 4.0 1.0 1
2.5502470424971464 1.0 0.0 1.0 2
2.656205405449648 1.0 0.0 1.0 3
4.0 1.710443050023668 4.0 2.0 4
1.567526555783597 1.0 4.0 1.0 5
3.003728834223273 1.0 0.0 1.0 6
0.0 0.7874631808715291 0.0 0.0 7
1.2095872061535613 1.0 4.0 1.0 8
4.0 1.0916956407922627 4.0 1.0 10
2.7959527417787684 1.0 0.0 1.0 11
0.0 1.0 4.0 1.0 12
4.0 1.578514368348789 4.0 2.0 14
0.0 1.1945614955378394 0.0 2.0 16
0.9398277786240041 1.0 4.0 1.0 17
3.0945535312030823 1.0 0.0 1.0 18
0.0 1.1080974901883767 0.0 2.0 19
4.0 1.2485867211176784 4.0 2.0 20
3.4081222339116852 1.0 0.0 1.0 21
3.3979725737112436 1.0 0.0 1.0 22
0.5169284695861268 1.0 4.0 1.0 23
4.0 1.0480962387043211 4.0 1.0 24
0.0 1.1415802120036285 0.0 1.0 25
3.842835764843 1.0 0.0 1.0 26
4.0 1.0 0.0 1.0 27
0.0 0.9232379573157254 0.0 1.0 28
4.0 1.1731214524136124 4.0 1.0 29
0.0 0.4320581444778194 0.0 1.0 30
4.0 0.6547942006373924 4.0 1.0 31
4.0 1.2591736609842465 4.0 1.0 32
4.372207371530004 1.0 4.0 1.0 33
0.0 0.39863618309439985 0.0 1.0 34
0.0 1.6401463696276353 0.0 1.0 35
4.0 1.5943702577379886 4.0 1.0 36
4.0 0.26923481066251853 4.0 1.0 37
4.718401729498655 1.0 4.0 1.0 38
0.0 0.08461280626261557 0.0 1.0 39
4.0 1.8628739639590097 4.0 1.0 40
*** t = 24
1.7802736179885343 1.0 4.0 1.0 1
2.4294342960385755 1.0 0.0 1.0 2
2.5340422604905246 1.0 0.0 1.0 3
4.0 1.7992484312766266 4.0 2.0 4
1.710028969945742 1.0 4.0 1.0 5
2.893032038025859 1.0 0.0 1.0 6
0.0 0.7166175744953722 0.0 0.0 7
1.3439857846150682 1.0 4.0 1.0 8
4.0 1.0382659726035721 4.0 1.0 10
2.66216971308752 1.0 0.0 1.0 11
0.0705282620645829 1.0 4.0 1.0 12
4.0 1.694217242018547 4.0 2.0 14
0.0 1.2918422433067591 0.0 2.0 16
1.0964657417280048 1.0 4.0 1.0 17
2.9436457864035965 1.0 0.0 1.0 18
0.0 1.2161949803767533 0.0 2.0 19
4.0 1.3728800816765174 4.0 2.0 20
3.2601527923896065 1.0 0.0 1.0 21
3.247465717139055 1.0 0.0 1.0 22
0.6892379594481691 1.0 4.0 1.0 23
4.0 1.0 0.0 1.0 24
0.0 1.034277738504082 0.0 1.0 25
3.6856715296860005 1.0 0.0 1.0 26
3.866432291078903 1.0 0.0 1.0 27
0.0 1.0 4.0 1.0 28
4.0 1.0549959456155573 4.0 1.0 29
0.0 0.5184697733733833 0.0 1.0 30
4.0 0.7857530407648708 4.0 1.0 31
4.0 1.111008393181096 4.0 1.0 32
4.246648845836004 1.0 4.0 1.0 33
0.0 0.5315149107925331 0.0 1.0 34
0.0 1.5201951595035137 0.0 1.0 35
4.0 1.4591603436506515 4.0 1.0 36
4.0 0.4038522159937778 4.0 1.0 37
4.577602594247984 1.0 4.0 1.0 38
0.0 0.16922561252523113 0.0 1.0 39
4.0 1.7257479279180197 4.0 1.0 40
0.0 0.0 0.0 1.0 41
4.0 0.0 4.0 1.0 42
4.0 2.0 4.0 1.0 43
5.0 1.0 4.0 1.0 44
*** t = 25
1.9074360192734299 1.0 4.0 1.0 1
2.3086215495800047 1.0 0.0 1.0 2
2.411879115531402 1.0 0.0 1.0 3
4.0 1.8880538125295852 4.0 2.0 4
1.8525313841078872 1.0 4.0 1.0 5
2.7823352418284446 1.0 0.0 1.0 6
0.0 0.6457719681192152 0.0 0.0 7
1.4783843630765747 1.0 4.0 1.0 8
4.0 1.0 4.0 0.0 10
2.528386684396272 1.0 0.0 1.0 11
0.1410565241291658 1.0 4.0 1.0 12
4.0 1.809920115688305 4.0 2.0 14
0.0 1.3891229910756786 0.0 2.0 16
1.2531037048320055 1.0 4.0 1.0 17
2.7927380416041103 1.0 0.0 1.0 18
0.0 1.3242924705651302 0.0 2.0 19
4.0 1.4971734422353569 4.0 2.0 20
3.112183350867528 1.0 0.0 1.0 21
3.096958860566866 1.0 0.0 1.0 22
0.8615474493102114 1.0 4.0 1.0 23
3.894232915411591 1.0 0.0 1.0 24
0.0 1.0 4.0 1.0 25
3.5285072945290006 1.0 0.0 1.0 26
3.732864582157806 1.0 0.0 1.0 27
0.13189113675938935 1.0 4.0 1.0 28
4.0 1.0 0.0 1.0 29
0.0 0.6048814022689472 0.0 1.0 30
4.0 0.9167118808923493 4.0 1.0 31
4.0 1.0 0.0 1.0 32
4.121090320142005 1.0 4.0 1.0 33
0.0 0.6643936384906663 0.0 1.0 34
0.0 1.4002439493793921 0.0 1.0 35
4.0 1.3239504295633144 4.0 1.0 36
4.0 0.5384696213250371 4.0 1.0 37
4.436803458997312 1.0 4.0 1.0 38
0.0 0.2538384187878467 0.0 1.0 39
4.0 1.5886218918770294 4.0 1.0 40
0.0 0.11181272030594505 0.0 1.0 41
4.0 0.17333908743176152 4.0 1.0 42
4.0 1.8915891631953654 4.0 1.0 43
4.885841672248153 1.0 4.0 1.0 44
0.0 2.0 0.0 1.0 45
*** t = 26
2.034598420558325 1.0 4.0 1.0 1
2.1878088031214333 1.0 0.0 1.0 2
2.2897159705722787 1.0 0.0 1.0 3
4.0 1.9768591937825437 4.0 2.0 4
1.9950337982700324 1.0 4.0 1.0 5
2.671638445631031 1.0 0.0 1.0 6
0.0 0.5749263617430583 0.0 0.0 7
1.6127829415380814 1.0 4.0 1.0 8
4.0 0.9465703318113096 4.0 0.0 10
2.3946036557050236 1.0 0.0 1.0 11
0.2115847861937487 1.0 4.0 1.0 12
4.0 1.9256229893580628 4.0 2.0 14
0.0 1.4864037388445985 0.0 2.0 16
1.4097416679360064 1.0 4.0 1.0 17
2.641830296804624 1.0 0.0 1.0 18
0.0 1.4323899607535067 0.0 2.0 19
4.0 1.621466802794196 4.0 2.0 20
2.9642139093454487 1.0 0.0 1.0 21
2.946452003994677 1.0 0.0 1.0 22
1.0338569391722536 1.0 4.0 1.0 23
3.7884658308231827 1.0 0.0 1.0 24
0.10730247349954641 1.0 4.0 1.0 25
3.371343059372001 1.0 0.0 1.0 26
3.599296873236709 1.0 0.0 1.0 27
0.2637822735187787 1.0 4.0 1.0 28
3.8818744932019444 1.0 0.0 1.0 29
0.0 0.691293031164511 0.0 1.0 30
4.0 1.0 0.0 1.0 31
3.851834732196849 1.0 0.0 1.0 32
4.0 1.0 0.0 1.0 33
0.0 0.7972723661887996 0.0 1.0 34
0.0 1.2802927392552703 0.0 1.0 35
4.0 1.1887405154759774 4.0 1.0 36
4.0 0.6730870266562963 4.0 1.0 37
4.29600432374664 1.0 4.0 1.0 38
0.0 0.33845122505046227 0.0 1.0 39
4.0 1.4514958558360391 4.0 1.0 40
0.0 0.2236254406118901 0.0 1.0 41
4.0 0.34667817486352304 4.0 1.0 42
4.0 1.7831783263907306 4.0 1.0 43
4.7716833444963065 1.0 4.0 1.0 44
0.0 1.861044683669859 0.0 1.0 45
0.0 0.0 0.0 1.0 46
4.0 2.0 4.0 1.0 47
*** t = 27
2.1617608218432203 1.0 4.0 1.0 1
2.0669960566628625 1.0 0.0 1.0 2
2.1675528256131558 1.0 0.0 1.0 3
2.1375362124321775 1.0 4.0 1.0 5
2.5609416494336164 1.0 0.0 1.0 6
0.0 0.5040807553669014 0.0 0.0 7
1.7471815199995882 1.0 4.0 1.0 8
4.0 0.8931406636226191 4.0 0.0 10
2.260820627013776 1.0 0.0 1.0 11
0.2821130482583316 1.0 4.0 1.0 12
0.0 1.583684486613518 0.0 2.0 16
1.5663796310400067 1.0 4.0 1.0 17
2.490922552005138 1.0 0.0 1.0 18
0.0 1.5404874509418836 0.0 2.0 19
4.0 1.745760163353035 4.0 2.0 20
2.8162444678233705 1.0 0.0 1.0 21
2.795945147422488 1.0 0.0 1.0 22
1.206166429034296 1.0 4.0 1.0 23
3.682698746234774 1.0 0.0 1.0 24
0.21460494699909283 1.0 4.0 1.0 25
3.214178824215001 1.0 0.0 1.0 26
3.4657291643156123 1.0 0.0 1.0 27
0.39567341027816805 1.0 4.0 1.0 28
3.7637489864038893 1.0 0.0 1.0 29
0.0 0.7777046600600748 0.0 1.0 30
3.8690411598725216 1.0 0.0 1.0 31
3.7036694643936987 1.0 0.0 1.0 32
3.8744414743060007 1.0 0.0 1.0 33
0.0 0.9301510938869328 0.0 1.0 34
0.0 1.160341529131149 0.0 1.0 35
4.0 1.0535306013886403 4.0 1.0 36
4.0 0.8077044319875555 4.0 1.0 37
4.155205188495968 1.0 4.0 1.0 38
0.0 0.4230640313130778 0.0 1.0 39
4.0 1.3143698197950489 4.0 1.0 40
0.0 0.3354381609178352 0.0 1.0 41
4.0 0.5200172622952846 4.0 1.0 42
4.0 1.6747674895860956 4.0 1.0 43
4.657525016744461 1.0 4.0 1.0 44
0.0 1.7220893673397186 0.0 1.0 45
0.0 0.20382421327420705 0.0 1.0 46
4.0 1.8874335102018756 4.0 1.0 47
4.0 0.0 4.0 1.0 48
5.0 1.0 4.0 1.0 49
*** t = 28
2.2889232231281156 1.0 4.0 1.0 1
1.9461833102042911 1.0 0.0 1.0 2
2.0453896806540333 1.0 0.0 1.0 3
2.280038626594323 1.0 4.0 1.0 5
2.4502448532362022 1.0 0.0 1.0 6
0.0 0.43323514899074445 0.0 0.0 7
1.8815800984610949 1.0 4.0 1.0 8
4.0 0.8397109954339287 4.0 0.0 10
2.127037598322528 1.0 0.0 1.0 11
0.3526413103229145 1.0 4.0 1.0 12
0.0 1.6809652343824377 0.0 2.0 16
1.7230175941440076 1.0 4.0 1.0 17
2.3400148072056517 1.0 0.0 1.0 18
0.0 1.6485849411302602 0.0 2.0 19
4.0 1.8700535239118745 4.0 2.0 20
2.6682750263012918 1.0 0.0 1.0 21
2.645438290850299 1.0 0.0 1.0 22
1.3784759188963382 1.0 4.0 1.0 23
3.5769316616463653 1.0 0.0 1.0 24
0.3219074204986392 1.0 4.0 1.0 25
3.0570145890580016 1.0 0.0 1.0 26
3.332161455394515 1.0 0.0 1.0 27
0.5275645470375574 1.0 4.0 1.0 28
3.6456234796058338 1.0 0.0 1.0 29
0.0 0.8641162889556387 0.0 1.0 30
3.738082319745043 1.0 0.0 1.0 31
3.555504196590548 1.0 0.0 1.0 32
3.7488829486120014 1.0 0.0 1.0 33
0.0 1.0 0.0 2.0 34
0.0 1.0403903190070274 0.0 1.0 35
4.0 1.0 0.0 1.0 36
4.0 0.9423218373188146 4.0 1.0 37
4.014406053245296 1.0 4.0 1.0 38
0.0 0.5076768375756934 0.0 1.0 39
4.0 1.1772437837540586 4.0 1.0 40
0.0 0.4472508812237802 0.0 1.0 41
4.0 0.6933563497270461 4.0 1.0 42
4.0 1.5663566527814612 4.0 1.0 43
4.543366688992613 1.0 4.0 1.0 44
0.0 1.5831340510095777 0.0 1.0 45
0.0 0.4076484265484141 0.0 1.0 46
4.0 1.774867020403751 4.0 1.0 47
4.0 0.1674991081541673 4.0 1.0 48
4.8801378831611615 1.0 4.0 1.0 49
0.0 0.0 0.0 1.0 50
4.0 2.0 4.0 1.0 51
*** t = 29
2.416085624413011 1.0 4.0 1.0 1
1.8253705637457198 1.0 0.0 1.0 2
1.9232265356949103 1.0 0.0 1.0 3
2.4225410407564683 1.0 4.0 1.0 5
2.3395480570387885 1.0 0.0 1.0 6
0.0 0.36238954261458756 0.0 0.0 7
2.0159786769226016 1.0 4.0 1.0 8
4.0 0.7862813272452382 4.0 0.0 10
1.9932545696312798 1.0 0.0 1.0 11
0.4231695723874974 1.0 4.0 1.0 12
0.0 1.7782459821513572 0.0 2.0 16
1.8796555572480083 1.0 4.0 1.0 17
2.1891070624061655 1.0 0.0 1.0 18
0.0 1.7566824313186367 0.0 2.0 19
4.0 1.9943468844707137 4.0 2.0 20
2.520305584779213 1.0 0.0 1.0 21
2.4949314342781097 1.0 0.0 1.0 22
1.5507854087583806 1.0 4.0 1.0 23
3.471164577057956 1.0 0.0 1.0 24
0.42920989399818565 1.0 4.0 1.0 25
2.8998503539010017 1.0 0.0 1.0 26
3.1985937464734184 1.0 0.0 1.0 27
0.6594556837969467 1.0 4.0 1.0 28
3.527497972807778 1.0 0.0 1.0 29
0.0 0.9505279178512026 0.0 1.0 30
3.6071234796175644 1.0 0.0 1.0 31
3.407338928787397 1.0 0.0 1.0 32
3.6233244229180017 1.0 0.0 1.0 33
0.0 1.1328787276981334 0.0 2.0 34
0.0 1.0 4.0 1.0 35
3.864790085912663 1.0 0.0 1.0 36
4.0 1.0 0.0 1.0 37
4.0 1.0 0.0 1.0 38
0.0 0.592289643838309 0.0 1.0 39
4.0 1.0401177477130683 4.0 1.0 40
0.0 0.5590636015297252 0.0 1.0 41
4.0 0.8666954371588076 4.0 1.0 42
4.0 1.4579458159768262 4.0 1.0 43
4.429208361240767 1.0 4.0 1.0 44
0.0 1.444178734679437 0.0 1.0 45
0.0 0.6114726398226211 0.0 1.0 46
4.0 1.6623005306056269 4.0 1.0 47
4.0 0.3349982163083346 4.0 1.0 48
4.760275766322323 1.0 4.0 1.0 49
0.0 0.14988774357091447 0.0 1.0 50
4.0 1.8358828903696505 4.0 1.0 51
*** t = 30
2.543248025697906 1.0 4.0 1.0 1
1.7045578172871485 1.0 0.0 1.0 2
1.8010633907357874 1.0 0.0 1.0 3
2.565043454918614 1.0 4.0 1.0 5
2.2288512608413744 1.0 0.0 1.0 6
0.0 0.2915439362384306 0.0 0.0 7
2.1503772553841083 1.0 4.0 1.0 8
4.0 0.7328516590565479 4.0 0.0 10
1.859471540940032 1.0 0.0 1.0 11
0.49369783445208026 1.0 4.0 1.0 12
0.0 1.8755267299202771 0.0 2.0 16
2.036293520352009 1.0 4.0 1.0 17
2.0381993176066793 1.0 0.0 1.0 18
0.0 1.8647799215070133 0.0 2.0 19
2.3723361432571344 1.0 0.0 1.0 21
2.344424577705921 1.0 0.0 1.0 22
1.7230948986204229 1.0 4.0 1.0 23
3.365397492469547 1.0 0.0 1.0 24
0.5365123674977321 1.0 4.0 1.0 25
2.742686118744002 1.0 0.0 1.0 26
3.0650260375523213 1.0 0.0 1.0 27
0.7913468205563361 1.0 4.0 1.0 28
3.4093724660097235 1.0 0.0 1.0 29
0.0 1.0 4.0 1.0 30
3.476164639490086 1.0 0.0 1.0 31
3.259173660984246 1.0 0.0 1.0 32
3.497765897224003 1.0 0.0 1.0 33
0.0 1.2657574553962665 0.0 2.0 34
0.11995121012412158 1.0 4.0 1.0 35
3.7295801718253254 1.0 0.0 1.0 36
3.865382594668741 1.0 0.0 1.0 37
3.859200864749328 1.0 0.0 1.0 38
0.0 0.6769024501009245 0.0 1.0 39
4.0 1.0 5.0 1.0 40
0.0 0.6708763218356703 0.0 1.0 41
4.0 1.0 0.0 1.0 42
4.0 1.3495349791721918 4.0 1.0 43
4.31505003348892 1.0 4.0 1.0 44
0.0 1.305223418349296 0.0 1.0 45
0.0 0.8152968530968282 0.0 1.0 46
4.0 1.5497340408075024 4.0 1.0 47
4.0 0.502497324462502 4.0 1.0 48
4.6404136494834844 1.0 4.0 1.0 49
0.0 0.29977548714182894 0.0 1.0 50
4.0 1.671765780739301 4.0 1.0 51
0.0 0.0 0.0 1.0 52
0.0 2.0 0.0 1.0 53
4.0 0.0 4.0 1.0 54
4.0 2.0 4.0 1.0 55
5.0 1.0 4.0 1.0 56
*** t = 31
2.6704104269828015 1.0 4.0 1.0 1
1.5837450708285772 1.0 0.0 1.0 2
1.6789002457766644 1.0 0.0 1.0 3
2.707545869080759 1.0 4.0 1.0 5
2.1181544646439603 1.0 0.0 1.0 6
0.0 0.22069832986227383 0.0 0.0 7
2.284775833845615 1.0 4.0 1.0 8
4.0 0.6794219908678574 4.0 0.0 10
1.7256885122487842 1.0 0.0 1.0 11
0.5642260965166632 1.0 4.0 1.0 12
0.0 1.972807477689197 0.0 2.0 16
2.19293148345601 1.0 4.0 1.0 17
1.887291572807193 1.0 0.0 1.0 18
0.0 1.97287741169539 0.0 2.0 19
2.2243667017350557 1.0 0.0 1.0 21
2.193917721133732 1.0 0.0 1.0 22
1.8954043884824652 1.0 4.0 1.0 23
3.2596304078811387 1.0 0.0 1.0 24
0.6438148409972786 1.0 4.0 1.0 25
2.585521883587002 1.0 0.0 1.0 26
2.9314583286312246 1.0 0.0 1.0 27
0.9232379573157254 1.0 4.0 1.0 28
3.291246959211668 1.0 0.0 1.0 29
0.08641162889556388 1.0 4.0 1.0 30
3.345205799362608 1.0 0.0 1.0 31
3.111008393181096 1.0 0.0 1.0 32
3.3722073715300036 1.0 0.0 1.0 33
0.0 1.3986361830943996 0.0 2.0 34
0.23990242024824315 1.0 4.0 1.0 35
3.5943702577379884 1.0 0.0 1.0 36
3.7307651893374816 1.0 0.0 1.0 37
3.7184017294986558 1.0 0.0 1.0 38
0.0 0.7615152563635401 0.0 1.0 39
4.13712603604099 1.0 5.0 1.0 40
0.0 0.7826890421416153 0.0 1.0 41
3.8266609125682383 1.0 0.0 1.0 42
4.0 1.241124142367557 4.0 1.0 43
4.200891705737074 1.0 4.0 1.0 44
0.0 1.1662681020191554 0.0 1.0 45
0.0 1.0 4.0 1.0 46
4.0 1.437167551009378 4.0 1.0 47
4.0 0.6699964326166692 4.0 1.0 48
4.520551532644646 1.0 4.0 1.0 49
0.0 0.4496632307127434 0.0 1.0 50
4.0 1.5076486711089512 4.0 1.0 51
0.0 0.1403924604458275 0.0 1.0 52
0.0 1.9002258812557873 0.0 1.0 53
4.0 0.10162172092495313 4.0 1.0 54
4.0 1.8346043415078999 4.0 1.0 55
4.891859042083931 1.0 4.0 1.0 56
*** t = 32
2.7975728282676973 1.0 4.0 1.0 1
1.4629323243700059 1.0 0.0 1.0 2
1.5567371008175415 1.0 0.0 1.0 3
2.8500482832429044 1.0 4.0 1.0 5
2.0074576684465457 1.0 0.0 1.0 6
0.0 0.14985272348611686 0.0 0.0 7
2.4191744123071217 1.0 4.0 1.0 8
4.0 0.6259923226791669 4.0 0.0 10
1.5919054835575364 1.0 0.0 1.0 11
0.6347543585812461 1.0 4.0 1.0 12
2.349569446560011 1.0 4.0 1.0 17
1.7363838280077066 1.0 0.0 1.0 18
2.076397260212977 1.0 0.0 1.0 21
2.043410864561543 1.0 0.0 1.0 22
2.0677138783445073 1.0 4.0 1.0 23
3.15386332329273 1.0 0.0 1.0 24
0.7511173144968251 1.0 4.0 1.0 25
2.4283576484300027 1.0 0.0 1.0 26
2.7978906197101274 1.0 0.0 1.0 27
1.0551290940751148 1.0 4.0 1.0 28
3.1731214524136124 1.0 0.0 1.0 29
0.17282325779112775 1.0 4.0 1.0 30
3.214246959235129 1.0 0.0 1.0 31
2.9628431253779453 1.0 0.0 1.0 32
3.2466488458360043 1.0 0.0 1.0 33
0.0 1.531514910792533 0.0 2.0 34
0.35985363037236473 1.0 4.0 1.0 35
3.4591603436506517 1.0 0.0 1.0 36
3.5961477840062224 1.0 0.0 1.0 37
3.577602594247984 1.0 0.0 1.0 38
0.0 0.8461280626261556 0.0 1.0 39
4.274252072081981 1.0 5.0 1.0 40
0.0 0.8945017624475604 0.0 1.0 41
3.653321825136477 1.0 0.0 1.0 42
4.0 1.1327133055629224 4.0 1.0 43
4.086733377985227 1.0 4.0 1.0 44
0.0 1.0273127856890145 0.0 1.0 45
0.20382421327420705 1.0 4.0 1.0 46
4.0 1.3246010612112535 4.0 1.0 47
4.0 0.8374955407708364 4.0 1.0 48
4.400689415805807 1.0 4.0 1.0 49
0.0 0.5995509742836579 0.0 1.0 50
4.0 1.3435315614786019 4.0 1.0 51
0.0 0.280784920891655 0.0 1.0 52
0.0 1.8004517625115743 0.0 1.0 53
4.0 0.20324344184990625 4.0 1.0 54
4.0 1.6692086830157993 4.0 1.0 55
4.7837180841678615 1.0 4.0 1.0 56
0.0 0.0 0.0 1.0 57
4.0 2.0 4.0 1.0 58
*** t = 33
2.924735229552592 1.0 4.0 1.0 1
1.3421195779114345 1.0 0.0 1.0 2
1.4345739558584183 1.0 0.0 1.0 3
2.9925506974050493 1.0 4.0 1.0 5
1.896760872249132 1.0 0.0 1.0 6
0.0 0.07900711710996006 0.0 0.0 7
2.5535729907686284 1.0 4.0 1.0 8
4.0 0.5725626544904765 4.0 0.0 10
1.4581224548662886 1.0 0.0 1.0 11
0.7052826206458289 1.0 4.0 1.0 12
2.506207409664012 1.0 4.0 1.0 17
1.5854760832082206 1.0 0.0 1.0 18
1.9284278186908983 1.0 0.0 1.0 21
1.8929040079893538 1.0 0.0 1.0 22
2.2400233682065496 1.0 4.0 1.0 23
3.0480962387043213 1.0 0.0 1.0 24
0.8584197879963714 1.0 4.0 1.0 25
2.2711934132730027 1.0 0.0 1.0 26
2.6643229107890307 1.0 0.0 1.0 27
1.1870202308345041 1.0 4.0 1.0 28
3.0549959456155573 1.0 0.0 1.0 29
0.25923488668669165 1.0 4.0 1.0 30
3.083288119107651 1.0 0.0 1.0 31
2.814677857574795 1.0 0.0 1.0 32
3.1210903201420046 1.0 0.0 1.0 33
0.0 1.6643936384906663 0.0 2.0 34
0.4798048404964863 1.0 4.0 1.0 35
3.3239504295633147 1.0 0.0 1.0 36
3.461530378674963 1.0 0.0 1.0 37
3.436803458997312 1.0 0.0 1.0 38
0.0 0.9307408688887713 0.0 1.0 39
4.411378108122971 1.0 5.0 1.0 40
0.0 1.0 0.0 2.0 41
3.4799827377047152 1.0 0.0 1.0 42
4.0 1.0243024687582876 4.0 1.0 43
4.0 1.0 0.0 1.0 44
0.0 1.0 0.0 0.0 45
0.4076484265484141 1.0 4.0 1.0 46
4.0 1.212034571413129 4.0 1.0 47
4.0 1.0 0.0 1.0 48
4.280827298966968 1.0 4.0 1.0 49
0.0 0.7494387178545723 0.0 1.0 50
4.0 1.1794144518482523 4.0 1.0 51
0.0 0.42117738133748245 0.0 1.0 52
0.0 1.7006776437673619 0.0 1.0 53
4.0 0.30486516277485937 4.0 1.0 54
4.0 1.5038130245236991 4.0 1.0 55
4.675577126251793 1.0 4.0 1.0 56
0.0 0.10868758160748532 0.0 1.0 57
4.0 1.9242493728378838 4.0 1.0 58
4.0 0.0 4.0 1.0 59
5.0 1.0 4.0 1.0 60
*** t = 34
3.0518976308374874 1.0 4.0 1.0 1
1.221306831452863 1.0 0.0 1.0 2
1.3124108108992953 1.0 0.0 1.0 3
3.135053111567195 1.0 4.0 1.0 5
1.786064076051718 1.0 0.0 1.0 6
0.0 0.008161510733803112 0.0 0.0 7
2.687971569230135 1.0 4.0 1.0 8
4.0 0.5191329863017861 4.0 0.0 10
1.324339426175041 1.0 0.0 1.0 11
0.7758108827104118 1.0 4.0 1.0 12
2.662845372768013 1.0 4.0 1.0 17
1.4345683384087347 1.0 0.0 1.0 18
1.7804583771688194 1.0 0.0 1.0 21
1.7423971514171646 1.0 0.0 1.0 22
2.412332858068592 1.0 4.0 1.0 23
2.9423291541159124 1.0 0.0 1.0 24
0.965722261495918 1.0 4.0 1.0 25
2.114029178116003 1.0 0.0 1.0 26
2.5307552018679336 1.0 0.0 1.0 27
1.3189113675938935 1.0 4.0 1.0 28
2.9368704388175018 1.0 0.0 1.0 29
0.3456465155822555 1.0 4.0 1.0 30
2.9523292789801725 1.0 0.0 1.0 31
2.666512589771644 1.0 0.0 1.0 32
2.9955317944480053 1.0 0.0 1.0 33
0.0 1.7972723661887995 0.0 2.0 34
0.5997560506206079 1.0 4.0 1.0 35
3.188740515475977 1.0 0.0 1.0 36
3.3269129733437035 1.0 0.0 1.0 37
3.29600432374664 1.0 0.0 1.0 38
0.0 1.0 4.0 1.0 39
4.54850414416396 1.0 5.0 1.0 40
0.0 1.111812720305945 0.0 2.0 41
3.306643650272954 1.0 0.0 1.0 42
4.0 1.0 0.0 1.0 43
3.8858416722481537 1.0 0.0 1.0 44
0.0 0.8610446836698593 0.0 0.0 45
0.6114726398226211 1.0 4.0 1.0 46
4.0 1.0994680816150046 4.0 1.0 47
3.8325008918458328 1.0 0.0 1.0 48
4.16096518212813 1.0 4.0 1.0 49
0.0 0.8993264614254869 0.0 1.0 50
4.0 1.0152973422179026 4.0 1.0 51
0.0 0.56156984178331 0.0 1.0 52
0.0 1.6009035250231491 0.0 1.0 53
4.0 0.4064868836998125 4.0 1.0 54
4.0 1.3384173660315986 4.0 1.0 55
4.567436168335724 1.0 4.0 1.0 56
0.0 0.21737516321497063 0.0 1.0 57
4.0 1.8484987456757673 4.0 1.0 58
4.0 0.17220006268277083 4.0 1.0 59
4.925990066581657 1.0 4.0 1.0 60
0.0 0.0 0.0 1.0 61
4.0 2.0 4.0 1.0 62
*** t = 35
3.1790600321223828 1.0 4.0 1.0 1
1.1004940849942921 1.0 0.0 1.0 2
1.1902476659401726 1.0 0.0 1.0 3
3.2775555257293405 1.0 4.0 1.0 5
1.6753672798543038 1.0 0.0 1.0 6
2.822370147691642 1.0 4.0 1.0 8
4.0 0.46570331811309573 4.0 0.0 10
1.190556397483793 1.0 0.0 1.0 11
0.8463391447749946 1.0 4.0 1.0 12
2.8194833358720137 1.0 4.0 1.0 17
1.2836605936092484 1.0 0.0 1.0 18
1.632488935646741 1.0 0.0 1.0 21
1.5918902948449754 1.0 0.0 1.0 22
2.584642347930634 1.0 4.0 1.0 23
2.836562069527504 1.0 0.0 1.0 24
1.0730247349954645 1.0 4.0 1.0 25
1.9568649429590033 1.0 0.0 1.0 26
2.397187492946837 1.0 0.0 1.0 27
1.4508025043532828 1.0 4.0 1.0 28
2.818744932019446 1.0 0.0 1.0 29
0.4320581444778194 1.0 4.0 1.0 30
2.821370438852694 1.0 0.0 1.0 31
2.518347321968493 1.0 0.0 1.0 32
2.8699732687540065 1.0 0.0 1.0 33
0.0 1.930151093886933 0.0 2.0 34
0.7197072607447295 1.0 4.0 1.0 35
3.05353060138864 1.0 0.0 1.0 36
3.1922955680124447 1.0 0.0 1.0 37
3.1552051884959678 1.0 0.0 1.0 38
0.08461280626261557 1.0 4.0 1.0 39
4.685630180204951 1.0 5.0 1.0 40
0.0 1.22362544061189 0.0 2.0 41
3.133304562841192 1.0 0.0 1.0 42
3.891589163195365 1.0 0.0 1.0 43
3.7716833444963065 1.0 0.0 1.0 44
0.0 0.7220893673397185 0.0 0.0 45
0.8152968530968282 1.0 4.0 1.0 46
4.0 1.0 4.0 0.0 47
3.665001783691665 1.0 0.0 1.0 48
4.041103065289292 1.0 4.0 1.0 49
0.0 1.0 0.0 2.0 50
4.0 1.0 0.0 1.0 51
0.0 0.7019623022291376 0.0 1.0 52
0.0 1.5011294062789364 0.0 1.0 53
4.0 0.5081086046247656 4.0 1.0 54
4.0 1.1730217075394984 4.0 1.0 55
4.459295210419655 1.0 4.0 1.0 56
0.0 0.32606274482245595 0.0 1.0 57
4.0 1.772748118513651 4.0 1.0 58
4.0 0.34440012536554165 4.0 1.0 59
4.851980133163314 1.0 4.0 1.0 60
0.0 0.1694715928836625 0.0 1.0 61
4.0 1.9114581682838787 4.0 1.0 62
0.0 2.0 0.0 1.0 63
*** t = 36
3.3062224334072776 1.0 4.0 1.0 1
0.9796813385357206 1.0 0.0 1.0 2
1.0680845209810497 1.0 0.0 1.0 3
3.420057939891486 1.0 4.0 1.0 5
1.5646704836568894 1.0 0.0 1.0 6
2.9567687261531486 1.0 4.0 1.0 8
4.0 0.4122736499244053 4.0 0.0 10
1.0567733687925454 1.0 0.0 1.0 11
0.9168674068395775 1.0 4.0 1.0 12
2.9761212989760146 1.0 4.0 1.0 17
1.1327528488097618 1.0 0.0 1.0 18
1.4845194941246624 1.0 0.0 1.0 21
1.4413834382727861 1.0 0.0 1.0 22
2.7569518377926765 1.0 4.0 1.0 23
2.730794984939095 1.0 0.0 1.0 24
1.180327208495011 1.0 4.0 1.0 25
1.7997007078020033 1.0 0.0 1.0 26
2.2636197840257397 1.0 0.0 1.0 27
1.5826936411126722 1.0 4.0 1.0 28
2.7006194252213915 1.0 0.0 1.0 29
0.5184697733733833 1.0 4.0 1.0 30
2.6904115987252157 1.0 0.0 1.0 31
2.3701820541653427 1.0 0.0 1.0 32
2.744414743060007 1.0 0.0 1.0 33
0.839658470868851 1.0 4.0 1.0 35
2.9183206873013035 1.0 0.0 1.0 36
3.057678162681185 1.0 0.0 1.0 37
3.014406053245296 1.0 0.0 1.0 38
0.16922561252523113 1.0 4.0 1.0 39
4.822756216245941 1.0 5.0 1.0 40
0.0 1.3354381609178352 0.0 2.0 41
2.959965475409431 1.0 0.0 1.0 42
3.783178326390731 1.0 0.0 1.0 43
3.65752501674446 1.0 0.0 1.0 44
0.0 0.5831340510095777 0.0 0.0 45
1.0191210663710353 1.0 4.0 1.0 46
4.0 0.8874335102018756 4.0 0.0 47
3.4975026755374983 1.0 0.0 1.0 48
4.0 1.0 4.0 2.0 49
0.0 1.1498877435709145 0.0 2.0 50
3.8358828903696502 1.0 0.0 1.0 51
0.0 0.8423547626749651 0.0 1.0 52
0.0 1.4013552875347235 0.0 1.0 53
4.0 0.6097303255497187 4.0 1.0 54
4.0 1.007626049047398 4.0 1.0 55
4.351154252503586 1.0 4.0 1.0 56
0.0 0.43475032642994127 0.0 1.0 57
4.0 1.6969974913515347 4.0 1.0 58
4.0 0.5166001880483124 4.0 1.0 59
4.7779701997449715 1.0 4.0 1.0 60
0.0 0.338943185767325 0.0 1.0 61
4.0 1.822916336567757 4.0 1.0 62
0.0 1.8052217007549871 0.0 1.0 63
0.0 0.0 0.0 1.0 64
4.0 0.0 4.0 1.0 65
4.0 2.0 4.0 1.0 66
5.0 1.0 4.0 1.0 67
*** t = 37
3.4333848346921734 1.0 4.0 1.0 1
0.858868592077149 1.0 0.0 1.0 2
0.9459213760219268 1.0 0.0 1.0 3
3.5625603540536317 1.0 4.0 1.0 5
1.4539736874594755 1.0 0.0 1.0 6
3.0911673046146553 1.0 4.0 1.0 8
4.0 0.35884398173571486 4.0 0.0 10
0.9229903401012973 1.0 0.0 1.0 11
0.9873956689041603 1.0 4.0 1.0 12
3.132759262080016 1.0 4.0 1.0 17
0.9818451040102758 1.0 0.0 1.0 18
1.3365500526025835 1.0 0.0 1.0 21
1.290876581700597 1.0 0.0 1.0 22
2.929261327654719 1.0 4.0 1.0 23
2.6250279003506862 1.0 0.0 1.0 24
1.2876296819945574 1.0 4.0 1.0 25
1.6425364726450034 1.0 0.0 1.0 26
2.130052075104643 1.0 0.0 1.0 27
1.7145847778720615 1.0 4.0 1.0 28
2.582493918423336 1.0 0.0 1.0 29
0.6048814022689472 1.0 4.0 1.0 30
2.5594527585977374 1.0 0.0 1.0 31
2.2220167863621922 1.0 0.0 1.0 32
2.618856217366008 1.0 0.0 1.0 33
0.9596096809929726 1.0 4.0 1.0 35
2.7831107732139664 1.0 0.0 1.0 36
2.923060757349926 1.0 0.0 1.0 37
2.873606917994624 1.0 0.0 1.0 38
0.2538384187878467 1.0 4.0 1.0 39
4.959882252286932 1.0 5.0 1.0 40
0.0 1.4472508812237803 0.0 2.0 41
2.786626387977669 1.0 0.0 1.0 42
3.674767489586096 1.0 0.0 1.0 43
3.5433666889926134 1.0 0.0 1.0 44
0.0 0.4441787346794369 0.0 0.0 45
1.2229452796452422 1.0 4.0 1.0 46
4.0 0.7748670204037512 4.0 0.0 47
3.330003567383331 1.0 0.0 1.0 48
4.0 1.1198621168388385 4.0 2.0 49
0.0 1.2997754871418288 0.0 2.0 50
3.671765780739301 1.0 0.0 1.0 51
0.0 0.9827472231207927 0.0 1.0 52
0.0 1.3015811687905108 0.0 1.0 53
4.0 0.7113520464746719 4.0 1.0 54
4.0 1.0 4.0 0.0 55
4.2430132945875165 1.0 4.0 1.0 56
0.0 0.5434379080374265 0.0 1.0 57
4.0 1.6212468641894184 4.0 1.0 58
4.0 0.6888002507310833 4.0 1.0 59
4.703960266326629 1.0 4.0 1.0 60
0.0 0.5084147786509875 0.0 1.0 61
4.0 1.7343745048516357 4.0 1.0 62
0.0 1.6104434015099738 0.0 1.0 63
0.0 0.05993395398524529 0.0 1.0 64
4.0 0.13038740373572208 4.0 1.0 65
4.0 1.83967959769383 4.0 1.0 66
4.863696767468938 1.0 4.0 1.0 67
*** t = 38
3.5605472359770687 1.0 4.0 1.0 1
0.7380558456185782 1.0 0.0 1.0 2
0.8237582310628039 1.0 0.0 1.0 3
3.7050627682157766 1.0 4.0 1.0 5
1.3432768912620616 1.0 0.0 1.0 6
3.225565883076162 1.0 4.0 1.0 8
4.0 0.3054143135470244 4.0 0.0 10
0.7892073114100497 1.0 0.0 1.0 11
1.0579239309687432 1.0 4.0 1.0 12
3.2893972251840164 1.0 4.0 1.0 17
0.8309373592107897 1.0 0.0 1.0 18
1.1885806110805048 1.0 0.0 1.0 21
1.1403697251284075 1.0 0.0 1.0 22
3.101570817516761 1.0 4.0 1.0 23
2.519260815762278 1.0 0.0 1.0 24
1.3949321554941039 1.0 4.0 1.0 25
1.4853722374880034 1.0 0.0 1.0 26
1.9964843661835459 1.0 0.0 1.0 27
1.8464759146314509 1.0 4.0 1.0 28
2.4643684116252804 1.0 0.0 1.0 29
0.691293031164511 1.0 4.0 1.0 30
2.428493918470259 1.0 0.0 1.0 31
2.0738515185590414 1.0 0.0 1.0 32
2.4932976916720087 1.0 0.0 1.0 33
1.0795608911170942 1.0 4.0 1.0 35
2.647900859126629 1.0 0.0 1.0 36
2.7884433520186667 1.0 0.0 1.0 37
2.7328077827439516 1.0 0.0 1.0 38
0.33845122505046227 1.0 4.0 1.0 39
0.0 1.5590636015297252 0.0 2.0 41
2.613287300545908 1.0 0.0 1.0 42
3.566356652781461 1.0 0.0 1.0 43
3.4292083612407667 1.0 0.0 1.0 44
0.0 0.30522341834929606 0.0 0.0 45
1.426769492919449 1.0 4.0 1.0 46
4.0 0.6623005306056268 4.0 0.0 47
3.1625044592291633 1.0 0.0 1.0 48
4.0 1.2397242336776773 4.0 2.0 49
0.0 1.4496632307127433 0.0 2.0 50
3.507648671108951 1.0 0.0 1.0 51
0.0 1.0 4.0 1.0 52
0.0 1.201807050046298 0.0 1.0 53
4.0 0.812973767399625 4.0 1.0 54
4.0 0.8346043415078996 4.0 0.0 55
4.134872336671448 1.0 4.0 1.0 56
0.0 0.6521254896449118 0.0 1.0 57
4.0 1.545496237027302 4.0 1.0 58
4.0 0.8610003134138542 4.0 1.0 59
4.629950332908286 1.0 4.0 1.0 60
0.0 0.67788637153465 0.0 1.0 61
4.0 1.6458326731355144 4.0 1.0 62
0.0 1.415665102264961 0.0 1.0 63
0.0 0.11986790797049059 0.0 1.0 64
4.0 0.26077480747144416 4.0 1.0 65
4.0 1.67935919538766 4.0 1.0 66
4.7273935349378755 1.0 4.0 1.0 67
0.0 0.0 0.0 1.0 68
4.0 2.0 4.0 1.0 69
*** t = 39
3.687709637261964 1.0 4.0 1.0 1
0.6172430991600066 1.0 0.0 1.0 2
0.701595086103681 1.0 0.0 1.0 3
3.847565182377922 1.0 4.0 1.0 5
1.232580095064647 1.0 0.0 1.0 6
3.359964461537669 1.0 4.0 1.0 8
4.0 0.2519846453583339 4.0 0.0 10
0.6554242827188017 1.0 0.0 1.0 11
1.128452193033326 1.0 4.0 1.0 12
3.4460351882880174 1.0 4.0 1.0 17
0.680029614411303 1.0 0.0 1.0 18
1.0406111695584264 1.0 0.0 1.0 21
0.9898628685562187 1.0 0.0 1.0 22
3.2738803073788034 1.0 4.0 1.0 23
2.413493731173869 1.0 0.0 1.0 24
1.5022346289936506 1.0 4.0 1.0 25
1.3282080023310032 1.0 0.0 1.0 26
1.8629166572624487 1.0 0.0 1.0 27
1.9783670513908402 1.0 4.0 1.0 28
2.346242904827225 1.0 0.0 1.0 29
0.7777046600600748 1.0 4.0 1.0 30
2.29753507834278 1.0 0.0 1.0 31
1.9256862507558905 1.0 0.0 1.0 32
2.367739165978009 1.0 0.0 1.0 33
1.1995121012412158 1.0 4.0 1.0 35
2.5126909450392922 1.0 0.0 1.0 36
2.653825946687408 1.0 0.0 1.0 37
2.5920086474932806 1.0 0.0 1.0 38
0.4230640313130778 1.0 4.0 1.0 39
0.0 1.6708763218356701 0.0 2.0 41
2.439948213114146 1.0 0.0 1.0 42
3.457945815976826 1.0 0.0 1.0 43
3.3150500334889204 1.0 0.0 1.0 44
0.0 0.16626810201915532 0.0 0.0 45
1.6305937061936562 1.0 4.0 1.0 46
4.0 0.5497340408075023 4.0 0.0 47
2.995005351074996 1.0 0.0 1.0 48
4.0 1.3595863505165158 4.0 2.0 49
0.0 1.5995509742836578 0.0 2.0 50
3.343531561478602 1.0 0.0 1.0 51
0.1403924604458275 1.0 4.0 1.0 52
0.0 1.1020329313020856 0.0 1.0 53
4.0 0.9145954883245782 4.0 1.0 54
4.0 0.6692086830157993 4.0 0.0 55
4.026731378755379 1.0 4.0 1.0 56
0.0 0.760813071252397 0.0 1.0 57
4.0 1.4697456098651858 4.0 1.0 58
4.0 1.0 0.0 1.0 59
4.555940399489942 1.0 4.0 1.0 60
0.0 0.8473579644183126 0.0 1.0 61
4.0 1.5572908414193927 4.0 1.0 62
0.0 1.2208868030199478 0.0 1.0 63
0.0 0.1798018619557359 0.0 1.0 64
4.0 0.3911622112071662 4.0 1.0 65
4.0 1.5190387930814901 4.0 1.0 66
4.591090302406813 1.0 4.0 1.0 67
0.0 0.1815459363900739 0.0 1.0 68
4.0 1.9084236166939428 4.0 1.0 69
4.0 0.0 4.0 1.0 70
5.0 1.0 4.0 1.0 71
*** t = 40
3.8148720385468597 1.0 4.0 1.0 1
0.49643035270143515 1.0 0.0 1.0 2
0.5794319411445576 1.0 0.0 1.0 3
3.990067596540067 1.0 4.0 1.0 5
1.121883298867233 1.0 0.0 1.0 6
3.4943630399991754 1.0 4.0 1.0 8
4.0 0.19855497716964352 4.0 0.0 10
0.5216412540275541 1.0 0.0 1.0 11
1.1989804550979088 1.0 4.0 1.0 12
3.6026731513920187 1.0 4.0 1.0 17
0.5291218696118171 1.0 0.0 1.0 18
0.8926417280363472 1.0 0.0 1.0 21
0.8393560119840293 1.0 0.0 1.0 22
3.4461897972408457 1.0 4.0 1.0 23
2.3077266465854605 1.0 0.0 1.0 24
1.6095371024931966 1.0 4.0 1.0 25
1.1710437671740033 1.0 0.0 1.0 26
1.7293489483413516 1.0 0.0 1.0 27
2.1102581881502296 1.0 4.0 1.0 28
2.2281173980291697 1.0 0.0 1.0 29
0.8641162889556387 1.0 4.0 1.0 30
2.1665762382153018 1.0 0.0 1.0 31
1.7775209829527396 1.0 0.0 1.0 32
2.24218064028401 1.0 0.0 1.0 33
1.3194633113653373 1.0 4.0 1.0 35
2.3774810309519547 1.0 0.0 1.0 36
2.5192085413561487 1.0 0.0 1.0 37
2.4512095122426083 1.0 0.0 1.0 38
0.5076768375756934 1.0 4.0 1.0 39
0.0 1.7826890421416153 0.0 2.0 41
2.266609125682385 1.0 0.0 1.0 42
3.349534979172192 1.0 0.0 1.0 43
3.2008917057370736 1.0 0.0 1.0 44
0.0 0.02731278568901445 0.0 0.0 45
1.8344179194678631 1.0 4.0 1.0 46
4.0 0.437167551009378 4.0 0.0 47
2.827506242920829 1.0 0.0 1.0 48
4.0 1.4794484673553543 4.0 2.0 49
0.0 1.7494387178545725 0.0 2.0 50
3.179414451848252 1.0 0.0 1.0 51
0.280784920891655 1.0 4.0 1.0 52
0.0 1.0022588125578726 0.0 1.0 53
4.0 1.0 4.0 2.0 54
4.0 0.5038130245236991 4.0 0.0 55
4.0 1.0 4.0 0.0 56
0.0 0.8695006528598823 0.0 1.0 57
4.0 1.3939949827030693 4.0 1.0 58
3.8277999373172293 1.0 0.0 1.0 59
4.4819304660716 1.0 4.0 1.0 60
0.0 1.0 0.0 2.0 61
4.0 1.4687490097032714 4.0 1.0 62
0.0 1.026108503774935 0.0 1.0 63
0.0 0.23973581594098117 0.0 1.0 64
4.0 0.5215496149428883 4.0 1.0 65
4.0 1.35871839077532 4.0 1.0 66
4.45478706987575 1.0 4.0 1.0 67
0.0 0.3630918727801478 0.0 1.0 68
4.0 1.8168472333878856 4.0 1.0 69
4.0 0.1127615583953995 4.0 1.0 70
4.8509252109400185 1.0 4.0 1.0 71
0.0 0.0 0.0 1.0 72
0.0 2.0 0.0 1.0 73
4.0 2.0 4.0 1.0 74
*** t = 41
3.9420344398317546 1.0 4.0 1.0 1
0.3756176062428642 1.0 0.0 1.0 2
0.45726879618543476 1.0 0.0 1.0 3
4.0 1.0 4.0 0.0 5
1.0111865026698188 1.0 0.0 1.0 6
3.628761618460682 1.0 4.0 1.0 8
4.0 0.14512530898095308 4.0 0.0 10
0.3878582253363061 1.0 0.0 1.0 11
1.2695087171624917 1.0 4.0 1.0 12
3.759311114496019 1.0 4.0 1.0 17
0.37821412481233097 1.0 0.0 1.0 18
0.7446722865142686 1.0 0.0 1.0 21
0.68884915541184 1.0 0.0 1.0 22
3.618499287102888 1.0 4.0 1.0 23
2.2019595619970516 1.0 0.0 1.0 24
1.7168395759927433 1.0 4.0 1.0 25
1.0138795320170033 1.0 0.0 1.0 26
1.5957812394202542 1.0 0.0 1.0 27
2.2421493249096187 1.0 4.0 1.0 28
2.1099918912311146 1.0 0.0 1.0 29
0.9505279178512026 1.0 4.0 1.0 30
2.035617398087824 1.0 0.0 1.0 31
1.6293557151495888 1.0 0.0 1.0 32
2.116622114590011 1.0 0.0 1.0 33
1.439414521489459 1.0 4.0 1.0 35
2.242271116864618 1.0 0.0 1.0 36
2.384591136024889 1.0 0.0 1.0 37
2.3104103769919364 1.0 0.0 1.0 38
0.592289643838309 1.0 4.0 1.0 39
0.0 1.8945017624475604 0.0 2.0 41
2.093270038250623 1.0 0.0 1.0 42
3.241124142367557 1.0 0.0 1.0 43
3.0867333779852264 1.0 0.0 1.0 44
2.03824213274207 1.0 4.0 1.0 46
4.0 0.3246010612112535 4.0 0.0 47
2.660007134766662 1.0 0.0 1.0 48
4.0 1.5993105841941928 4.0 2.0 49
0.0 1.899326461425487 0.0 2.0 50
3.0152973422179024 1.0 0.0 1.0 51
0.42117738133748245 1.0 4.0 1.0 52
0.0 1.0 4.0 1.0 53
4.0 1.101621720924953 4.0 2.0 54
4.0 0.3384173660315987 4.0 0.0 55
4.0 0.891859042083931 4.0 0.0 56
0.0 0.9781882344673676 0.0 1.0 57
4.0 1.318244355540953 4.0 1.0 58
3.6555998746344587 1.0 0.0 1.0 59
4.407920532653257 1.0 4.0 1.0 60
0.0 1.1694715928836625 0.0 2.0 61
4.0 1.3802071779871499 4.0 1.0 62
0.0 1.0 4.0 1.0 63
0.0 0.29966976992622646 0.0 1.0 64
4.0 0.6519370186786104 4.0 1.0 65
4.0 1.1983979884691502 4.0 1.0 66
4.318483837344687 1.0 4.0 1.0 67
0.0 0.5446378091702218 0.0 1.0 68
4.0 1.7252708500818283 4.0 1.0 69
4.0 0.225523116790799 4.0 1.0 70
4.701850421880036 1.0 4.0 1.0 71
0.0 0.15693525061747868 0.0 1.0 72
0.0 1.91846048035253 0.0 1.0 73
4.0 1.894855953045506 4.0 1.0 74
*** t = 42
4.0 1.0 5.0 1.0 1
0.25480485978429274 1.0 0.0 1.0 2
0.3351056512263119 1.0 0.0 1.0 3
4.0 0.8574975858378547 4.0 0.0 5
0.9004897064724048 1.0 0.0 1.0 6
3.763160196922189 1.0 4.0 1.0 8
4.0 0.09169564079226263 4.0 0.0 10
0.25407519664505857 1.0 0.0 1.0 11
1.3400369792270745 1.0 4.0 1.0 12
3.91594907760002 1.0 4.0 1.0 17
0.2273063800128449 1.0 0.0 1.0 18
0.5967028449921901 1.0 0.0 1.0 21
0.5383422988396507 1.0 0.0 1.0 22
3.7908087769649303 1.0 4.0 1.0 23
2.096192477408643 1.0 0.0 1.0 24
1.8241420494922898 1.0 4.0 1.0 25
0.8567152968600038 1.0 0.0 1.0 26
1.4622135304991573 1.0 0.0 1.0 27
2.374040461669008 1.0 4.0 1.0 28
1.9918663844330589 1.0 0.0 1.0 29
1.0369395467467666 1.0 4.0 1.0 30
1.904658557960345 1.0 0.0 1.0 31
1.481190447346438 1.0 0.0 1.0 32
1.9910635888960109 1.0 0.0 1.0 33
1.5593657316135805 1.0 4.0 1.0 35
2.1070612027772806 1.0 0.0 1.0 36
2.24997373069363 1.0 0.0 1.0 37
2.1696112417412645 1.0 0.0 1.0 38
0.6769024501009245 1.0 4.0 1.0 39
1.9199309508188618 1.0 0.0 1.0 42
3.1327133055629224 1.0 0.0 1.0 43
2.97257505023338 1.0 0.0 1.0 44
2.2420663460162773 1.0 4.0 1.0 46
4.0 0.2120345714131291 4.0 0.0 47
2.4925080266124944 1.0 0.0 1.0 48
4.0 1.7191727010330313 4.0 2.0 49
2.8511802325875535 1.0 0.0 1.0 51
0.56156984178331 1.0 4.0 1.0 52
0.09977411874421273 1.0 4.0 1.0 53
4.0 1.2032434418499063 4.0 2.0 54
4.0 0.1730217075394984 4.0 0.0 55
4.0 0.7837180841678619 4.0 0.0 56
0.0 1.0 4.0 1.0 57
4.0 1.2424937283788366 4.0 1.0 58
3.4833998119516876 1.0 0.0 1.0 59
4.3339105992349145 1.0 4.0 1.0 60
0.0 1.338943185767325 0.0 2.0 61
4.0 1.2916653462710286 4.0 1.0 62
0.19477829924501303 1.0 4.0 1.0 63
0.0 0.3596037239114718 0.0 1.0 64
4.0 0.7823244224143324 4.0 1.0 65
4.0 1.0380775861629803 4.0 1.0 66
4.182180604813626 1.0 4.0 1.0 67
0.0 0.7261837455602956 0.0 1.0 68
4.0 1.6336944667757711 4.0 1.0 69
4.0 0.33828467518619854 4.0 1.0 70
4.552775632820055 1.0 4.0 1.0 71
0.0 0.31387050123495736 0.0 1.0 72
0.0 1.8369209607050598 0.0 1.0 73
4.0 1.7897119060910116 4.0 1.0 74
0.0 0.0 0.0 1.0 75
4.0 0.0 4.0 1.0 76
4.0 2.0 4.0 1.0 77
5.0 1.0 4.0 1.0 78
*** t = 43
4.127162401284895 1.0 5.0 1.0 1
0.13399211332572122 1.0 0.0 1.0 2
0.21294250626718905 1.0 0.0 1.0 3
4.0 0.7149951716757096 4.0 0.0 5
0.7897929102749908 1.0 0.0 1.0 6
3.897558775383695 1.0 4.0 1.0 8
4.0 0.03826597260357218 4.0 0.0 10
0.12029216795381047 1.0 0.0 1.0 11
1.4105652412916576 1.0 4.0 1.0 12
4.0 1.0 4.0 2.0 17
0.07639863521335882 1.0 0.0 1.0 18
0.44873340347011154 1.0 0.0 1.0 21
0.38783544226746186 1.0 0.0 1.0 22
3.9631182668269727 1.0 4.0 1.0 23
1.9904253928202342 1.0 0.0 1.0 24
1.9314445229918362 1.0 4.0 1.0 25
0.6995510617030039 1.0 0.0 1.0 26
1.32864582157806 1.0 0.0 1.0 27
2.505931598428397 1.0 4.0 1.0 28
1.8737408776350035 1.0 0.0 1.0 29
1.1233511756423304 1.0 4.0 1.0 30
1.7736997178328666 1.0 0.0 1.0 31
1.3330251795432873 1.0 0.0 1.0 32
1.8655050632020118 1.0 0.0 1.0 33
1.679316941737702 1.0 4.0 1.0 35
1.9718512886899435 1.0 0.0 1.0 36
2.1153563253623706 1.0 0.0 1.0 37
2.0288121064905926 1.0 0.0 1.0 38
0.7615152563635401 1.0 4.0 1.0 39
1.7465918633871 1.0 0.0 1.0 42
3.0243024687582873 1.0 0.0 1.0 43
2.8584167224815333 1.0 0.0 1.0 44
2.4458905592904845 1.0 4.0 1.0 46
4.0 0.0994680816150047 4.0 0.0 47
2.3250089184583276 1.0 0.0 1.0 48
4.0 1.8390348178718698 4.0 2.0 49
2.6870631229572037 1.0 0.0 1.0 51
0.7019623022291376 1.0 4.0 1.0 52
0.19954823748842546 1.0 4.0 1.0 53
4.0 1.3048651627748595 4.0 2.0 54
4.0 0.007626049047398027 4.0 0.0 55
4.0 0.6755771262517929 4.0 0.0 56
0.10868758160748532 1.0 4.0 1.0 57
4.0 1.1667431012167204 4.0 1.0 58
3.311199749268917 1.0 0.0 1.0 59
4.259900665816571 1.0 4.0 1.0 60
0.0 1.5084147786509874 0.0 2.0 61
4.0 1.203123514554907 4.0 1.0 62
0.38955659849002605 1.0 4.0 1.0 63
0.0 0.4195376778967171 0.0 1.0 64
4.0 0.9127118261500545 4.0 1.0 65
4.0 1.0 0.0 1.0 66
4.045877372282563 1.0 4.0 1.0 67
0.0 0.9077296819503695 0.0 1.0 68
4.0 1.542118083469714 4.0 1.0 69
4.0 0.451046233581598 4.0 1.0 70
4.403700843760072 1.0 4.0 1.0 71
0.0 0.470805751852436 0.0 1.0 72
0.0 1.7553814410575899 0.0 1.0 73
4.0 1.6845678591365176 4.0 1.0 74
0.0 0.14986097942689836 0.0 1.0 75
4.0 0.14827226848809874 4.0 1.0 76
4.0 1.8860568235376365 4.0 1.0 77
4.8683648189590505 1.0 4.0 1.0 78
*** t = 44
4.254324802569791 1.0 5.0 1.0 1
0.013179366867150292 1.0 0.0 1.0 2
0.0907793613080662 1.0 0.0 1.0 3
4.0 0.5724927575135643 4.0 0.0 5
0.6790961140775766 1.0 0.0 1.0 6
4.0 1.0 4.0 2.0 8
0.0 1.0 0.0 2.0 11
1.4810935033562402 1.0 4.0 1.0 12
4.0 1.1566379631040007 4.0 2.0 17
0.0 1.0 0.0 0.0 18
0.30076396194803295 1.0 0.0 1.0 21
0.23732858569527251 1.0 0.0 1.0 22
4.0 1.0 4.0 0.0 23
1.8846583082318253 1.0 0.0 1.0 24
2.0387469964913825 1.0 4.0 1.0 25
0.5423868265460038 1.0 0.0 1.0 26
1.1950781126569632 1.0 0.0 1.0 27
2.637822735187786 1.0 4.0 1.0 28
1.755615370836948 1.0 0.0 1.0 29
1.2097628045378943 1.0 4.0 1.0 30
1.6427408777053882 1.0 0.0 1.0 31
1.1848599117401364 1.0 0.0 1.0 32
1.7399465375080125 1.0 0.0 1.0 33
1.7992681518618234 1.0 4.0 1.0 35
1.8366413746026062 1.0 0.0 1.0 36
1.9807389200311116 1.0 0.0 1.0 37
1.8880129712399207 1.0 0.0 1.0 38
0.8461280626261556 1.0 4.0 1.0 39
1.5732527759553383 1.0 0.0 1.0 42
2.9158916319536523 1.0 0.0 1.0 43
2.7442583947296866 1.0 0.0 1.0 44
2.6497147725646912 1.0 4.0 1.0 46
2.15750981030416 1.0 0.0 1.0 48
4.0 1.9588969347107084 4.0 2.0 49
2.522946013326854 1.0 0.0 1.0 51
0.8423547626749651 1.0 4.0 1.0 52
0.2993223562326382 1.0 4.0 1.0 53
4.0 1.4064868836998123 4.0 2.0 54
4.0 0.5674361683357239 4.0 0.0 56
0.21737516321497063 1.0 4.0 1.0 57
4.0 1.090992474054604 4.0 1.0 58
3.138999686586146 1.0 0.0 1.0 59
4.185890732398228 1.0 4.0 1.0 60
0.0 1.6778863715346501 0.0 2.0 61
4.0 1.1145816828387858 4.0 1.0 62
0.5843348977350391 1.0 4.0 1.0 63
0.0 0.4794716318819624 0.0 1.0 64
4.0 1.0 0.0 1.0 65
3.8396795976938303 1.0 0.0 1.0 66
4.0 1.0 4.0 0.0 67
0.0 1.0 4.0 1.0 68
4.0 1.4505417001636567 4.0 1.0 69
4.0 0.5638077919769975 4.0 1.0 70
4.254626054700091 1.0 4.0 1.0 71
0.0 0.6277410024699147 0.0 1.0 72
0.0 1.6738419214101197 0.0 1.0 73
4.0 1.5794238121820234 4.0 1.0 74
0.0 0.2997219588537967 0.0 1.0 75
4.0 0.2965445369761975 4.0 1.0 76
4.0 1.7721136470752732 4.0 1.0 77
4.736729637918101 1.0 4.0 1.0 78
0.0 0.0 0.0 1.0 79
4.0 2.0 4.0 1.0 80
*** t = 45
4.381487203854686 1.0 5.0 1.0 1
0.0 1.0 0.0 0.0 2
0.0 1.0 0.0 2.0 3
4.0 0.42999034335141917 4.0 0.0 5
0.5683993178801626 1.0 0.0 1.0 6
4.0 1.134398578461507 4.0 2.0 8
0.0 1.133783028691248 0.0 2.0 11
1.551621765420823 1.0 4.0 1.0 12
4.0 1.3132759262080014 4.0 2.0 17
0.0 0.8490922552005138 0.0 0.0 18
0.15279452042595382 1.0 0.0 1.0 21
0.08682172912308317 1.0 0.0 1.0 22
4.0 0.8276905101379577 4.0 0.0 23
1.7788912236434162 1.0 0.0 1.0 24
2.146049469990929 1.0 4.0 1.0 25
0.38522259138900383 1.0 0.0 1.0 26
1.0615104037358656 1.0 0.0 1.0 27
2.769713871947175 1.0 4.0 1.0 28
1.6374898640388924 1.0 0.0 1.0 29
1.2961744334334582 1.0 4.0 1.0 30
1.5117820375779099 1.0 0.0 1.0 31
1.0366946439369855 1.0 0.0 1.0 32
1.6143880118140133 1.0 0.0 1.0 33
1.9192193619859452 1.0 4.0 1.0 35
1.7014314605152694 1.0 0.0 1.0 36
1.846121514699852 1.0 0.0 1.0 37
1.7472138359892488 1.0 0.0 1.0 38
0.9307408688887713 1.0 4.0 1.0 39
1.3999136885235766 1.0 0.0 1.0 42
2.807480795149018 1.0 0.0 1.0 43
2.63010006697784 1.0 0.0 1.0 44
2.853538985838899 1.0 4.0 1.0 46
1.9900107021499926 1.0 0.0 1.0 48
2.3588289036965047 1.0 0.0 1.0 51
0.9827472231207927 1.0 4.0 1.0 52
0.3990964749768509 1.0 4.0 1.0 53
4.0 1.5081086046247656 4.0 2.0 54
4.0 0.45929521041965493 4.0 0.0 56
0.32606274482245595 1.0 4.0 1.0 57
4.0 1.0152418468924878 4.0 1.0 58
2.966799623903375 1.0 0.0 1.0 59
4.111880798979886 1.0 4.0 1.0 60
0.0 1.8473579644183127 0.0 2.0 61
4.0 1.0260398511226645 4.0 1.0 62
0.7791131969800521 1.0 4.0 1.0 63
0.0 0.5394055858672077 0.0 1.0 64
3.869612596264278 1.0 0.0 1.0 65
3.67935919538766 1.0 0.0 1.0 66
4.0 0.8636967674689376 4.0 0.0 67
0.1815459363900739 1.0 4.0 1.0 68
4.0 1.3589653168575995 4.0 1.0 69
4.0 0.676569350372397 4.0 1.0 70
4.105551265640109 1.0 4.0 1.0 71
0.0 0.7846762530873934 0.0 1.0 72
0.0 1.5923024017626497 0.0 1.0 73
4.0 1.4742797652275295 4.0 1.0 74
0.0 0.44958293828069507 0.0 1.0 75
4.0 0.44481680546429625 4.0 1.0 76
4.0 1.6581704706129097 4.0 1.0 77
4.6050944568771515 1.0 4.0 1.0 78
0.0 0.11506831897134778 0.0 1.0 79
4.0 1.8869378595150383 4.0 1.0 80
0.0 2.0 0.0 1.0 81
4.0 0.0 4.0 1.0 82
5.0 1.0 4.0 1.0 83
*** t = 46
4.508649605139581 1.0 5.0 1.0 1
0.0 0.8791872535414288 0.0 0.0 2
0.0 1.122163144959123 0.0 2.0 3
4.0 0.28748792918927407 4.0 0.0 5
0.4577025216827485 1.0 0.0 1.0 6
4.0 1.2687971569230136 4.0 2.0 8
0.0 1.267566057382496 0.0 2.0 11
1.622150027485406 1.0 4.0 1.0 12
4.0 1.4699138893120023 4.0 2.0 17
0.0 0.6981845104010276 0.0 0.0 18
0.004825078903875238 1.0 0.0 1.0 21
0.0 1.0 0.0 2.0 22
4.0 0.6553810202759155 4.0 0.0 23
1.6731241390550076 1.0 0.0 1.0 24
2.2533519434904754 1.0 4.0 1.0 25
0.2280583562320038 1.0 0.0 1.0 26
0.9279426948147688 1.0 0.0 1.0 27
2.9016050087065643 1.0 4.0 1.0 28
1.5193643572408368 1.0 0.0 1.0 29
1.382586062329022 1.0 4.0 1.0 30
1.3808231974504315 1.0 0.0 1.0 31
0.8885293761338346 1.0 0.0 1.0 32
1.488829486120014 1.0 0.0 1.0 33
2.039170572110067 1.0 4.0 1.0 35
1.566221546427932 1.0 0.0 1.0 36
1.711504109368593 1.0 0.0 1.0 37
1.606414700738577 1.0 0.0 1.0 38
1.0153536751513867 1.0 4.0 1.0 39
1.226574601091815 1.0 0.0 1.0 42
2.699069958344383 1.0 0.0 1.0 43
2.515941739225993 1.0 0.0 1.0 44
3.057363199113106 1.0 4.0 1.0 46
1.8225115939958254 1.0 0.0 1.0 48
2.194711794066155 1.0 0.0 1.0 51
1.12313968356662 1.0 4.0 1.0 52
0.4988705937210636 1.0 4.0 1.0 53
4.0 1.6097303255497186 4.0 2.0 54
4.0 0.35115425250358584 4.0 0.0 56
0.43475032642994127 1.0 4.0 1.0 57
4.0 1.0 0.0 1.0 58
2.794599561220604 1.0 0.0 1.0 59
4.037870865561543 1.0 4.0 1.0 60
4.0 1.0 0.0 1.0 62
0.9738914962250651 1.0 4.0 1.0 63
0.0 0.5993395398524529 0.0 1.0 64
3.739225192528556 1.0 0.0 1.0 65
3.5190387930814904 1.0 0.0 1.0 66
4.0 0.7273935349378752 4.0 0.0 67
0.3630918727801478 1.0 4.0 1.0 68
4.0 1.2673889335515423 4.0 1.0 69
4.0 0.7893309087677964 4.0 1.0 70
4.0 1.0 0.0 1.0 71
0.0 0.941611503704872 0.0 1.0 72
0.0 1.5107628821151797 0.0 1.0 73
4.0 1.3691357182730355 4.0 1.0 74
0.0 0.5994439177075934 0.0 1.0 75
4.0 0.593089073952395 4.0 1.0 76
4.0 1.5442272941505462 4.0 1.0 77
4.473459275836202 1.0 4.0 1.0 78
0.0 0.23013663794269557 0.0 1.0 79
4.0 1.7738757190300765 4.0 1.0 80
0.0 1.8897072996890114 0.0 1.0 81
4.0 0.13827978956233444 4.0 1.0 82
4.950038714507496 1.0 4.0 1.0 83
0.0 0.0 0.0 1.0 84
4.0 2.0 4.0 1.0 85
*** t = 47
4.6358120064244766 1.0 5.0 1.0 1
0.0 0.7583745070828577 0.0 0.0 2
0.0 1.244326289918246 0.0 2.0 3
4.0 0.14498551502712886 4.0 0.0 5
0.3470057254853344 1.0 0.0 1.0 6
4.0 1.4031957353845206 4.0 2.0 8
0.0 1.401349086073744 0.0 2.0 11
1.692678289549989 1.0 4.0 1.0 12
4.0 1.626551852416003 4.0 2.0 17
0.0 0.5472767656015414 0.0 0.0 18
0.0 1.0 0.0 0.0 21
0.0 1.150506856572189 0.0 2.0 22
4.0 0.4830715304138732 4.0 0.0 23
1.5673570544665987 1.0 0.0 1.0 24
2.360654416990022 1.0 4.0 1.0 25
0.0708941210750038 1.0 0.0 1.0 26
0.7943749858936713 1.0 0.0 1.0 27
3.033496145465954 1.0 4.0 1.0 28
1.4012388504427815 1.0 0.0 1.0 29
1.468997691224586 1.0 4.0 1.0 30
1.249864357322953 1.0 0.0 1.0 31
0.7403641083306838 1.0 0.0 1.0 32
1.3632709604260145 1.0 0.0 1.0 33
2.1591217822341884 1.0 4.0 1.0 35
1.4310116323405953 1.0 0.0 1.0 36
1.5768867040373338 1.0 0.0 1.0 37
1.4656155654879053 1.0 0.0 1.0 38
1.0999664814140022 1.0 4.0 1.0 39
1.0532355136600529 1.0 0.0 1.0 42
2.5906591215397485 1.0 0.0 1.0 43
2.4017834114741463 1.0 0.0 1.0 44
3.2611874123873132 1.0 4.0 1.0 46
1.6550124858416582 1.0 0.0 1.0 48
2.030594684435805 1.0 0.0 1.0 51
1.2635321440124476 1.0 4.0 1.0 52
0.5986447124652764 1.0 4.0 1.0 53
4.0 1.7113520464746719 4.0 2.0 54
4.0 0.2430132945875168 4.0 0.0 56
0.5434379080374265 1.0 4.0 1.0 57
3.9242493728378838 1.0 0.0 1.0 58
2.622399498537833 1.0 0.0 1.0 59
4.0 1.0 4.0 0.0 60
3.9114581682838785 1.0 0.0 1.0 62
1.1686697954700782 1.0 4.0 1.0 63
0.0 0.6592734938376982 0.0 1.0 64
3.608837788792834 1.0 0.0 1.0 65
3.35871839077532 1.0 0.0 1.0 66
4.0 0.5910903024068128 4.0 0.0 67
0.5446378091702218 1.0 4.0 1.0 68
4.0 1.175812550245485 4.0 1.0 69
4.0 0.902092467163196 4.0 1.0 70
3.850925210940018 1.0 0.0 1.0 71
0.0 1.0 4.0 1.0 72
0.0 1.4292233624677095 0.0 1.0 73
4.0 1.263991671318541 4.0 1.0 74
0.0 0.7493048971344918 0.0 1.0 75
4.0 0.7413613424404937 4.0 1.0 76
4.0 1.4302841176881826 4.0 1.0 77
4.341824094795252 1.0 4.0 1.0 78
0.0 0.34520495691404335 0.0 1.0 79
4.0 1.6608135785451146 4.0 1.0 80
0.0 1.7794145993780228 0.0 1.0 81
4.0 0.2765595791246689 4.0 1.0 82
4.900077429014993 1.0 4.0 1.0 83
0.0 0.10167923662792001 0.0 1.0 84
4.0 1.8964374816995286 4.0 1.0 85
*** t = 48
4.762974407709372 1.0 5.0 1.0 1
0.0 0.6375617606242866 0.0 0.0 2
0.0 1.3664894348773688 0.0 2.0 3
4.0 0.0024831008649837828 4.0 0.0 5
0.23630892928792036 1.0 0.0 1.0 6
4.0 1.5375943138460273 4.0 2.0 8
0.0 1.5351321147649921 0.0 2.0 11
1.7632065516145716 1.0 4.0 1.0 12
4.0 1.7831898155200034 4.0 2.0 17
0.0 0.39636902080205516 0.0 0.0 18
0.0 0.8520305584779213 0.0 0.0 21
0.0 1.3010137131443782 0.0 2.0 22
4.0 0.3107620405518308 4.0 0.0 23
1.4615899698781896 1.0 0.0 1.0 24
2.4679568904895683 1.0 4.0 1.0 25
0.0 1.0 0.0 0.0 26
0.6608072769725744 1.0 0.0 1.0 27
3.1653872822253426 1.0 4.0 1.0 28
1.283113343644726 1.0 0.0 1.0 29
1.5554093201201495 1.0 4.0 1.0 30
1.118905517195475 1.0 0.0 1.0 31
0.5921988405275329 1.0 0.0 1.0 32
1.2377124347320154 1.0 0.0 1.0 33
2.27907299235831 1.0 4.0 1.0 35
1.295801718253258 1.0 0.0 1.0 36
1.4422692987060746 1.0 0.0 1.0 37
1.3248164302372334 1.0 0.0 1.0 38
1.1845792876766177 1.0 4.0 1.0 39
0.8798964262282913 1.0 0.0 1.0 42
2.4822482847351135 1.0 0.0 1.0 43
2.2876250837222996 1.0 0.0 1.0 44
3.4650116256615204 1.0 4.0 1.0 46
1.487513377687491 1.0 0.0 1.0 48
1.8664775748054558 1.0 0.0 1.0 51
1.4039246044582752 1.0 4.0 1.0 52
0.6984188312094891 1.0 4.0 1.0 53
4.0 1.812973767399625 4.0 2.0 54
4.0 0.1348723366714478 4.0 0.0 56
0.6521254896449118 1.0 4.0 1.0 57
3.8484987456757676 1.0 0.0 1.0 58
2.4501994358550623 1.0 0.0 1.0 59
4.0 0.9259900665816571 4.0 0.0 60
3.8229163365677574 1.0 0.0 1.0 62
1.3634480947150913 1.0 4.0 1.0 63
0.0 0.7192074478229435 0.0 1.0 64
3.4784503850571116 1.0 0.0 1.0 65
3.19839798846915 1.0 0.0 1.0 66
4.0 0.45478706987575035 4.0 0.0 67
0.7261837455602956 1.0 4.0 1.0 68
4.0 1.0842361669394278 4.0 1.0 69
4.0 1.0 5.0 1.0 70
3.7018504218800365 1.0 0.0 1.0 71
0.15693525061747868 1.0 4.0 1.0 72
0.0 1.3476838428202393 0.0 1.0 73
4.0 1.158847624364047 4.0 1.0 74
0.0 0.8991658765613901 0.0 1.0 75
4.0 0.8896336109285925 4.0 1.0 76
4.0 1.3163409412258193 4.0 1.0 77
4.210188913754303 1.0 4.0 1.0 78
0.0 0.46027327588539113 0.0 1.0 79
4.0 1.5477514380601527 4.0 1.0 80
0.0 1.6691218990670342 0.0 1.0 81
4.0 0.41483936868700333 4.0 1.0 82
4.850116143522489 1.0 4.0 1.0 83
0.0 0.20335847325584003 0.0 1.0 84
4.0 1.7928749633990575 4.0 1.0 85
0.0 0.0 0.0 1.0 86
4.0 0.0 4.0 1.0 87
4.0 2.0 4.0 1.0 88
5.0 1.0 4.0 1.0 89
*** t = 49
4.890136808994267 1.0 5.0 1.0 1
0.0 0.5167490141657154 0.0 0.0 2
0.0 1.4886525798364918 0.0 2.0 3
0.12561213309050573 1.0 0.0 1.0 6
4.0 1.671992892307534 4.0 2.0 8
0.0 1.66891514345624 0.0 2.0 11
1.8337348136791545 1.0 4.0 1.0 12
4.0 1.9398277786240041 4.0 2.0 17
0.0 0.24546127600256895 0.0 0.0 18
0.0 0.7040611169558426 0.0 0.0 21
0.0 1.4515205697165672 0.0 2.0 22
4.0 0.13845255068978857 4.0 0.0 23
1.355822885289781 1.0 0.0 1.0 24
2.575259363989115 1.0 4.0 1.0 25
0.0 0.8428357648430003 0.0 0.0 26
0.5272395680514773 1.0 0.0 1.0 27
3.2972784189847317 1.0 4.0 1.0 28
1.1649878368466704 1.0 0.0 1.0 29
1.6418209490157136 1.0 4.0 1.0 30
0.9879466770679965 1.0 0.0 1.0 31
0.444033572724382 1.0 0.0 1.0 32
1.1121539090380161 1.0 0.0 1.0 33
2.3990242024824315 1.0 4.0 1.0 35
1.160591804165921 1.0 0.0 1.0 36
1.3076518933748156 1.0 0.0 1.0 37
1.1840172949865615 1.0 0.0 1.0 38
1.2691920939392332 1.0 4.0 1.0 39
0.7065573387965298 1.0 0.0 1.0 42
2.3738374479304785 1.0 0.0 1.0 43
2.173466755970453 1.0 0.0 1.0 44
3.668835838935728 1.0 4.0 1.0 46
1.320014269533324 1.0 0.0 1.0 48
1.702360465175106 1.0 0.0 1.0 51
1.5443170649041027 1.0 4.0 1.0 52
0.7981929499537018 1.0 4.0 1.0 53
4.0 1.9145954883245782 4.0 2.0 54
4.0 0.026731378755378756 4.0 0.0 56
0.760813071252397 1.0 4.0 1.0 57
3.772748118513651 1.0 0.0 1.0 58
2.277999373172291 1.0 0.0 1.0 59
4.0 0.8519801331633142 4.0 0.0 60
3.734374504851636 1.0 0.0 1.0 62
1.5582263939601042 1.0 4.0 1.0 63
0.0 0.7791414018081888 0.0 1.0 64
3.3480629813213896 1.0 0.0 1.0 65
3.0380775861629803 1.0 0.0 1.0 66
4.0 0.3184838373446878 4.0 0.0 67
0.9077296819503695 1.0 4.0 1.0 68
4.0 1.0 4.0 0.0 69
4.1127615583954 1.0 5.0 1.0 70
3.552775632820054 1.0 0.0 1.0 71
0.31387050123495736 1.0 4.0 1.0 72
0.0 1.2661443231727694 0.0 1.0 73
4.0 1.053703577409553 4.0 1.0 74
0.0 1.0 4.0 1.0 75
4.0 1.0 0.0 1.0 76
4.0 1.2023977647634556 4.0 1.0 77
4.078553732713353 1.0 4.0 1.0 78
0.0 0.5753415948567389 0.0 1.0 79
4.0 1.434689297575191 4.0 1.0 80
0.0 1.5588291987560459 0.0 1.0 81
4.0 0.5531191582493378 4.0 1.0 82
4.800154858029986 1.0 4.0 1.0 83
0.0 0.30503770988376006 0.0 1.0 84
4.0 1.689312445098586 4.0 1.0 85
0.0 0.14779512373625361 0.0 1.0 86
4.0 0.1554284518998632 4.0 1.0 87
4.0 1.8642763607266675 4.0 1.0 88
4.84014004836598 1.0 4.0 1.0 89
