*** t = 0
*** t = 1
*** t = 2
0.0 0.0 0.0 1.0 1
4.0 2.0 4.0 1.0 2
*** t = 3
0.0 0.12159285054666615 0.0 1.0 1
4.0 1.907924658577034 4.0 1.0 2
4.0 0.0 4.0 1.0 3
5.0 1.0 4.0 1.0 4
*** t = 4
0.0 0.2431857010933323 0.0 1.0 1
4.0 1.8158493171540682 4.0 1.0 2
4.0 0.17920788869238571 4.0 1.0 3
4.859233428158915 1.0 4.0 1.0 4
0.0 0.0 0.0 1.0 5
4.0 2.0 4.0 1.0 6
*** t = 5
0.0 0.3647785516399985 0.0 1.0 1
4.0 1.7237739757311024 4.0 1.0 2
4.0 0.35841577738477143 4.0 1.0 3
4.718466856317829 1.0 4.0 1.0 4
0.0 0.1612541782489792 0.0 1.0 5
4.0 1.89026733293643 4.0 1.0 6
0.0 2.0 0.0 1.0 7
*** t = 6
0.0 0.4863714021866646 0.0 1.0 1
4.0 1.6316986343081366 4.0 1.0 2
4.0 0.5376236660771572 4.0 1.0 3
4.5777002844767445 1.0 4.0 1.0 4
0.0 0.3225083564979584 0.0 1.0 5
4.0 1.7805346658728598 4.0 1.0 6
0.0 1.8591500455984107 0.0 1.0 7
0.0 0.0 0.0 1.0 8
4.0 0.0 4.0 1.0 9
4.0 2.0 4.0 1.0 10
5.0 1.0 4.0 1.0 11
*** t = 7
0.0 0.6079642527333308 0.0 1.0 1
4.0 1.5396232928851705 4.0 1.0 2
4.0 0.7168315547695429 4.0 1.0 3
4.436933712635659 1.0 4.0 1.0 4
0.0 0.48376253474693764 0.0 1.0 5
4.0 1.6708019988092897 4.0 1.0 6
0.0 1.718300091196821 0.0 1.0 7
0.0 0.15109348155735958 0.0 1.0 8
4.0 0.16314745524725122 4.0 1.0 9
4.0 1.881709659234219 4.0 1.0 10
4.823236616357987 1.0 4.0 1.0 11
*** t = 8
0.0 0.729557103279997 0.0 1.0 1
4.0 1.4475479514622045 4.0 1.0 2
4.0 0.8960394434619287 4.0 1.0 3
4.296167140794574 1.0 4.0 1.0 4
0.0 0.6450167129959168 0.0 1.0 5
4.0 1.5610693317457196 4.0 1.0 6
0.0 1.5774501367952316 0.0 1.0 7
0.0 0.30218696311471915 0.0 1.0 8
4.0 0.32629491049450243 4.0 1.0 9
4.0 1.7634193184684377 4.0 1.0 10
4.646473232715974 1.0 4.0 1.0 11
0.0 0.0 0.0 1.0 12
4.0 2.0 4.0 1.0 13
*** t = 9
0.0 0.851149953826663 0.0 1.0 1
4.0 1.3554726100392387 4.0 1.0 2
4.0 1.0 0.0 1.0 3
4.155400568953489 1.0 4.0 1.0 4
0.0 0.8062708912448958 0.0 1.0 5
4.0 1.4513366646821497 4.0 1.0 6
0.0 1.4366001823936423 0.0 1.0 7
0.0 0.45328044467207873 0.0 1.0 8
4.0 0.48944236574175365 4.0 1.0 9
4.0 1.6451289777026568 4.0 1.0 10
4.469709849073962 1.0 4.0 1.0 11
0.0 0.10018313369672004 0.0 1.0 12
4.0 1.8401966453769765 4.0 1.0 13
4.0 0.0 4.0 1.0 14
5.0 1.0 4.0 1.0 15
*** t = 10
0.0 0.9727428043733292 0.0 1.0 1
4.0 1.2633972686162729 4.0 1.0 2
3.8207921113076146 1.0 0.0 1.0 3
4.014633997112403 1.0 4.0 1.0 4
0.0 0.9675250694938751 0.0 1.0 5
4.0 1.3416039976185794 4.0 1.0 6
0.0 1.2957502279920527 0.0 1.0 7
0.0 0.6043739262294383 0.0 1.0 8
4.0 0.6525898209890049 4.0 1.0 9
4.0 1.5268386369368758 4.0 1.0 10
4.29294646543195 1.0 4.0 1.0 11
0.0 0.20036626739344007 0.0 1.0 12
4.0 1.6803932907539534 4.0 1.0 13
4.0 0.11703374777526313 4.0 1.0 14
4.848739013737574 1.0 4.0 1.0 15
0.0 0.0 0.0 1.0 16
0.0 2.0 0.0 1.0 17
4.0 2.0 4.0 1.0 18
*** t = 11
0.0 1.0 4.0 1.0 1
4.0 1.1713219271933069 4.0 1.0 2
3.6415842226152284 1.0 0.0 1.0 3
4.0 1.0 0.0 1.0 4
0.0 1.0 0.0 2.0 5
4.0 1.2318713305550095 4.0 1.0 6
0.0 1.1549002735904634 0.0 1.0 7
0.0 0.7554674077867979 0.0 1.0 8
4.0 0.815737276236256 4.0 1.0 9
4.0 1.4085482961710947 4.0 1.0 10
4.116183081789936 1.0 4.0 1.0 11
0.0 0.3005494010901601 0.0 1.0 12
4.0 1.5205899361309299 4.0 1.0 13
4.0 0.23406749555052625 4.0 1.0 14
4.697478027475148 1.0 4.0 1.0 15
0.0 0.11195327953401972 0.0 1.0 16
0.0 1.8707785304821822 0.0 1.0 17
4.0 1.8975320267503124 4.0 1.0 18
*** t = 12
0.12159285054666615 1.0 4.0 1.0 1
4.0 1.079246585770341 4.0 1.0 2
3.462376333922843 1.0 0.0 1.0 3
3.8592334281589147 1.0 0.0 1.0 4
0.0 1.1612541782489791 0.0 2.0 5
4.0 1.1221386634914394 4.0 1.0 6
0.0 1.0140503191888741 0.0 1.0 7
0.0 0.9065608893441575 0.0 1.0 8
4.0 0.9788847314835071 4.0 1.0 9
4.0 1.2902579554053135 4.0 1.0 10
4.0 1.0 0.0 1.0 11
0.0 0.40073253478688015 0.0 1.0 12
4.0 1.3607865815079065 4.0 1.0 13
4.0 0.3511012433257894 4.0 1.0 14
4.5462170412127225 1.0 4.0 1.0 15
0.0 0.22390655906803944 0.0 1.0 16
0.0 1.741557060964365 0.0 1.0 17
4.0 1.795064053500625 4.0 1.0 18
0.0 0.0 0.0 1.0 19
4.0 0.0 4.0 1.0 20
4.0 2.0 4.0 1.0 21
5.0 1.0 4.0 1.0 22
*** t = 13
0.2431857010933323 1.0 4.0 1.0 1
4.0 1.0 0.0 1.0 2
3.283168445230457 1.0 0.0 1.0 3
3.71846685631783 1.0 0.0 1.0 4
0.0 1.3225083564979585 0.0 2.0 5
4.0 1.0124059964278693 4.0 1.0 6
0.0 1.0 0.0 0.0 7
0.0 1.0 4.0 1.0 8
4.0 1.0 5.0 1.0 9
4.0 1.1719676146395326 4.0 1.0 10
3.823236616357987 1.0 0.0 1.0 11
0.0 0.5009156684836001 0.0 1.0 12
4.0 1.2009832268848832 4.0 1.0 13
4.0 0.4681349911010525 4.0 1.0 14
4.394956054950296 1.0 4.0 1.0 15
0.0 0.33585983860205915 0.0 1.0 16
0.0 1.6123355914465471 0.0 1.0 17
4.0 1.6925960802509372 4.0 1.0 18
0.0 0.11234302066436021 0.0 1.0 19
4.0 0.08649570154801117 4.0 1.0 20
4.0 1.9221034439022335 4.0 1.0 21
4.882411775529487 1.0 4.0 1.0 22
*** t = 14
0.3647785516399985 1.0 4.0 1.0 1
3.907924658577034 1.0 0.0 1.0 2
3.1039605565380715 1.0 0.0 1.0 3
3.577700284476744 1.0 0.0 1.0 4
0.0 1.4837625347469376 0.0 2.0 5
4.0 1.0 5.0 1.0 6
0.0 0.8591500455984105 0.0 0.0 7
0.15109348155735958 1.0 4.0 1.0 8
4.163147455247252 1.0 5.0 1.0 9
4.0 1.0536772738737517 4.0 1.0 10
3.6464732327159743 1.0 0.0 1.0 11
0.0 0.6010988021803202 0.0 1.0 12
4.0 1.04117987226186 4.0 1.0 13
4.0 0.5851687388763156 4.0 1.0 14
4.243695068687871 1.0 4.0 1.0 15
0.0 0.4478131181360789 0.0 1.0 16
0.0 1.4831141219287296 0.0 1.0 17
4.0 1.5901281070012496 4.0 1.0 18
0.0 0.22468604132872042 0.0 1.0 19
4.0 0.17299140309602234 4.0 1.0 20
4.0 1.844206887804467 4.0 1.0 21
4.764823551058974 1.0 4.0 1.0 22
0.0 0.0 0.0 1.0 23
4.0 2.0 4.0 1.0 24
*** t = 15
0.4863714021866646 1.0 4.0 1.0 1
3.815849317154068 1.0 0.0 1.0 2
2.924752667845686 1.0 0.0 1.0 3
3.4369337126356587 1.0 0.0 1.0 4
0.0 1.645016712995917 0.0 2.0 5
4.10973266706357 1.0 5.0 1.0 6
0.0 0.7183000911968211 0.0 0.0 7
0.30218696311471915 1.0 4.0 1.0 8
4.326294910494502 1.0 5.0 1.0 9
4.0 1.0 0.0 1.0 10
3.469709849073962 1.0 0.0 1.0 11
0.0 0.7012819358770401 0.0 1.0 12
4.0 1.0 0.0 1.0 13
4.0 0.7022024866515787 4.0 1.0 14
4.092434082425445 1.0 4.0 1.0 15
0.0 0.5597663976700986 0.0 1.0 16
0.0 1.353892652410912 0.0 1.0 17
4.0 1.487660133751562 4.0 1.0 18
0.0 0.3370290619930806 0.0 1.0 19
4.0 0.2594871046440335 4.0 1.0 20
4.0 1.7663103317067006 4.0 1.0 21
4.647235326588461 1.0 4.0 1.0 22
0.0 0.11989738815742929 0.0 1.0 23
4.0 1.8798064896783162 4.0 1.0 24
0.0 2.0 0.0 1.0 25
4.0 0.0 4.0 1.0 26
5.0 1.0 4.0 1.0 27
*** t = 16
0.6079642527333308 1.0 4.0 1.0 1
3.723773975731102 1.0 0.0 1.0 2
2.7455447791533 1.0 0.0 1.0 3
3.296167140794574 1.0 0.0 1.0 4
0.0 1.806270891244896 0.0 2.0 5
4.21946533412714 1.0 5.0 1.0 6
0.0 0.5774501367952317 0.0 0.0 7
0.45328044467207873 1.0 4.0 1.0 8
4.489442365741754 1.0 5.0 1.0 9
3.8817096592342186 1.0 0.0 1.0 10
3.292946465431949 1.0 0.0 1.0 11
0.0 0.8014650695737603 0.0 1.0 12
3.840196645376977 1.0 0.0 1.0 13
4.0 0.8192362344268418 4.0 1.0 14
4.0 1.0 4.0 0.0 15
0.0 0.6717196772041183 0.0 1.0 16
0.0 1.2246711828930945 0.0 1.0 17
4.0 1.3851921605018742 4.0 1.0 18
0.0 0.44937208265744083 0.0 1.0 19
4.0 0.3459828061920447 4.0 1.0 20
4.0 1.6884137756089341 4.0 1.0 21
4.5296471021179485 1.0 4.0 1.0 22
0.0 0.23979477631485857 0.0 1.0 23
4.0 1.7596129793566326 4.0 1.0 24
0.0 1.8700418379720207 0.0 1.0 25
4.0 0.13586228610067846 4.0 1.0 26
4.884868845866589 1.0 4.0 1.0 27
0.0 0.0 0.0 1.0 28
4.0 2.0 4.0 1.0 29
*** t = 17
0.729557103279997 1.0 4.0 1.0 1
3.6316986343081363 1.0 0.0 1.0 2
2.5663368904609136 1.0 0.0 1.0 3
3.1554005689534885 1.0 0.0 1.0 4
0.0 1.967525069493875 0.0 2.0 5
4.32919800119071 1.0 5.0 1.0 6
0.0 0.4366001823936423 0.0 0.0 7
0.6043739262294383 1.0 4.0 1.0 8
4.652589820989005 1.0 5.0 1.0 9
3.763419318468438 1.0 0.0 1.0 10
3.116183081789936 1.0 0.0 1.0 11
0.0 0.9016482032704803 0.0 1.0 12
3.680393290753953 1.0 0.0 1.0 13
4.0 0.936269982202105 4.0 1.0 14
4.0 0.8487390137375742 4.0 0.0 15
0.0 0.783672956738138 0.0 1.0 16
0.0 1.095449713375277 0.0 1.0 17
4.0 1.2827241872521866 4.0 1.0 18
0.0 0.5617151033218011 0.0 1.0 19
4.0 0.43247850774005586 4.0 1.0 20
4.0 1.6105172195111677 4.0 1.0 21
4.412058877647436 1.0 4.0 1.0 22
0.0 0.3596921644722879 0.0 1.0 23
4.0 1.6394194690349488 4.0 1.0 24
0.0 1.7400836759440415 0.0 1.0 25
4.0 0.27172457220135693 4.0 1.0 26
4.769737691733179 1.0 4.0 1.0 27
0.0 0.17141913765405306 0.0 1.0 28
4.0 1.8606243443346349 4.0 1.0 29
*** t = 18
0.851149953826663 1.0 4.0 1.0 1
3.53962329288517 1.0 0.0 1.0 2
2.3871290017685283 1.0 0.0 1.0 3
3.0146339971124037 1.0 0.0 1.0 4
4.43893066825428 1.0 5.0 1.0 6
0.0 0.29575022799205286 0.0 0.0 7
0.7554674077867979 1.0 4.0 1.0 8
4.815737276236256 1.0 5.0 1.0 9
3.6451289777026568 1.0 0.0 1.0 10
2.939419698147924 1.0 0.0 1.0 11
0.0 1.0 0.0 2.0 12
3.52058993613093 1.0 0.0 1.0 13
4.0 1.0 0.0 1.0 14
4.0 0.6974780274751484 4.0 0.0 15
0.0 0.8956262362721578 0.0 1.0 16
0.0 1.0 4.0 1.0 17
4.0 1.1802562140024992 4.0 1.0 18
0.0 0.6740581239861612 0.0 1.0 19
4.0 0.518974209288067 4.0 1.0 20
4.0 1.5326206634134012 4.0 1.0 21
4.294470653176923 1.0 4.0 1.0 22
0.0 0.47958955262971714 0.0 1.0 23
4.0 1.519225958713265 4.0 1.0 24
0.0 1.6101255139160622 0.0 1.0 25
4.0 0.4075868583020354 4.0 1.0 26
4.6546065375997685 1.0 4.0 1.0 27
0.0 0.3428382753081061 0.0 1.0 28
4.0 1.72124868866927 4.0 1.0 29
0.0 0.0 0.0 1.0 30
4.0 0.0 4.0 1.0 31
4.0 2.0 4.0 1.0 32
5.0 1.0 4.0 1.0 33
*** t = 19
0.9727428043733292 1.0 4.0 1.0 1
3.4475479514622043 1.0 0.0 1.0 2
2.2079211130761425 1.0 0.0 1.0 3
2.873867425271318 1.0 0.0 1.0 4
4.54866333531785 1.0 5.0 1.0 6
0.0 0.15490027359046338 0.0 0.0 7
0.9065608893441575 1.0 4.0 1.0 8
4.978884731483507 1.0 5.0 1.0 9
3.5268386369368754 1.0 0.0 1.0 10
2.7626563145059104 1.0 0.0 1.0 11
0.0 1.10018313369672 0.0 2.0 12
3.3607865815079068 1.0 0.0 1.0 13
3.882966252224737 1.0 0.0 1.0 14
4.0 0.5462170412127224 4.0 0.0 15
0.0 1.0 4.0 1.0 16
0.1292214695178176 1.0 4.0 1.0 17
4.0 1.0777882407528114 4.0 1.0 18
0.0 0.7864011446505215 0.0 1.0 19
4.0 0.6054699108360782 4.0 1.0 20
4.0 1.4547241073156345 4.0 1.0 21
4.17688242870641 1.0 4.0 1.0 22
0.0 0.5994869407871464 0.0 1.0 23
4.0 1.3990324483915817 4.0 1.0 24
0.0 1.480167351888083 0.0 1.0 25
4.0 0.5434491444027139 4.0 1.0 26
4.539475383466359 1.0 4.0 1.0 27
0.0 0.5142574129621592 0.0 1.0 28
4.0 1.5818730330039046 4.0 1.0 29
0.0 0.1271012495015397 0.0 1.0 30
4.0 0.13026372593976746 4.0 1.0 31
4.0 1.8621242397086786 4.0 1.0 32
4.893790512551862 1.0 4.0 1.0 33
*** t = 20
1.0943356549199954 1.0 4.0 1.0 1
3.3554726100392385 1.0 0.0 1.0 2
2.0287132243837567 1.0 0.0 1.0 3
2.7331008534302326 1.0 0.0 1.0 4
4.65839600238142 1.0 5.0 1.0 6
0.0 0.014050319188874028 0.0 0.0 7
1.057654370901517 1.0 4.0 1.0 8
3.408548296171095 1.0 0.0 1.0 10
2.5858929308638983 1.0 0.0 1.0 11
0.0 1.20036626739344 0.0 2.0 12
3.2009832268848832 1.0 0.0 1.0 13
3.765932504449474 1.0 0.0 1.0 14
4.0 0.3949560549502966 4.0 0.0 15
0.11195327953401972 1.0 4.0 1.0 16
0.2584429390356352 1.0 4.0 1.0 17
4.0 1.0 4.0 0.0 18
0.0 0.8987441653148817 0.0 1.0 19
4.0 0.6919656123840894 4.0 1.0 20
4.0 1.3768275512178685 4.0 1.0 21
4.059294204235897 1.0 4.0 1.0 22
0.0 0.7193843289445756 0.0 1.0 23
4.0 1.2788389380698977 4.0 1.0 24
0.0 1.3502091898601036 0.0 1.0 25
4.0 0.6793114305033923 4.0 1.0 26
4.424344229332948 1.0 4.0 1.0 27
0.0 0.6856765506162122 0.0 1.0 28
4.0 1.4424973773385394 4.0 1.0 29
0.0 0.2542024990030794 0.0 1.0 30
4.0 0.2605274518795349 4.0 1.0 31
4.0 1.7242484794173571 4.0 1.0 32
4.787581025103723 1.0 4.0 1.0 33
0.0 0.0 0.0 1.0 34
0.0 2.0 0.0 1.0 35
4.0 2.0 4.0 1.0 36
*** t = 21
1.2159285054666615 1.0 4.0 1.0 1
3.263397268616273 1.0 0.0 1.0 2
1.8495053356913709 1.0 0.0 1.0 3
2.5923342815891477 1.0 0.0 1.0 4
4.76812866944499 1.0 5.0 1.0 6
1.2087478524588766 1.0 4.0 1.0 8
3.2902579554053135 1.0 0.0 1.0 10
2.4091295472218857 1.0 0.0 1.0 11
0.0 1.30054940109016 0.0 2.0 12
3.0411798722618597 1.0 0.0 1.0 13
3.6488987566742104 1.0 0.0 1.0 14
4.0 0.2436950686878707 4.0 0.0 15
0.22390655906803944 1.0 4.0 1.0 16
0.3876644085534528 1.0 4.0 1.0 17
4.0 0.8975320267503125 4.0 0.0 18
0.0 1.0 0.0 2.0 19
4.0 0.7784613139321006 4.0 1.0 20
4.0 1.2989309951201016 4.0 1.0 21
4.0 1.0 4.0 2.0 22
0.0 0.8392817171020048 0.0 1.0 23
4.0 1.158645427748214 4.0 1.0 24
0.0 1.2202510278321244 0.0 1.0 25
4.0 0.8151737166040707 4.0 1.0 26
4.309213075199537 1.0 4.0 1.0 27
0.0 0.8570956882702653 0.0 1.0 28
4.0 1.3031217216731745 4.0 1.0 29
0.0 0.3813037485046191 0.0 1.0 30
4.0 0.39079117781930234 4.0 1.0 31
4.0 1.5863727191260357 4.0 1.0 32
4.681371537655585 1.0 4.0 1.0 33
0.0 0.14407914727898993 0.0 1.0 34
0.0 1.8464783499821178 0.0 1.0 35
4.0 1.841918847048771 4.0 1.0 36
4.0 0.0 4.0 1.0 37
5.0 1.0 4.0 1.0 38
*** t = 22
1.3375213560133274 1.0 4.0 1.0 1
3.171321927193307 1.0 0.0 1.0 2
1.670297446998985 1.0 0.0 1.0 3
2.4515677097480624 1.0 0.0 1.0 4
4.877861336508561 1.0 5.0 1.0 6
1.3598413340162363 1.0 4.0 1.0 8
3.171967614639533 1.0 0.0 1.0 10
2.232366163579873 1.0 0.0 1.0 11
0.0 1.40073253478688 0.0 2.0 12
2.881376517638837 1.0 0.0 1.0 13
3.5318650088989476 1.0 0.0 1.0 14
4.0 0.09243408242544476 4.0 0.0 15
0.33585983860205915 1.0 4.0 1.0 16
0.5168858780712704 1.0 4.0 1.0 17
4.0 0.7950640535006248 4.0 0.0 18
0.0 1.11234302066436 0.0 2.0 19
4.0 0.8649570154801118 4.0 1.0 20
4.0 1.2210344390223353 4.0 1.0 21
4.0 1.1175882244705129 4.0 2.0 22
0.0 0.9591791052594342 0.0 1.0 23
4.0 1.0384519174265305 4.0 1.0 24
0.0 1.0902928658041453 0.0 1.0 25
4.0 0.9510360027047491 4.0 1.0 26
4.194081921066126 1.0 4.0 1.0 27
0.0 1.0 4.0 1.0 28
4.0 1.1637460660078092 4.0 1.0 29
0.0 0.5084049980061588 0.0 1.0 30
4.0 0.5210549037590698 4.0 1.0 31
4.0 1.4484969588347143 4.0 1.0 32
4.575162050207447 1.0 4.0 1.0 33
0.0 0.28815829455797987 0.0 1.0 34
0.0 1.6929566999642354 0.0 1.0 35
4.0 1.6838376940975426 4.0 1.0 36
4.0 0.12900931878130031 4.0 1.0 37
4.878923725572237 1.0 4.0 1.0 38
0.0 0.0 0.0 1.0 39
4.0 2.0 4.0 1.0 40
*** t = 23
1.459114206559994 1.0 4.0 1.0 1
3.079246585770341 1.0 0.0 1.0 2
1.4910895583065993 1.0 0.0 1.0 3
2.3108011379069766 1.0 0.0 1.0 4
4.987594003572131 1.0 5.0 1.0 6
1.510934815573596 1.0 4.0 1.0 8
3.0536772738737517 1.0 0.0 1.0 10
2.0556027799378604 1.0 0.0 1.0 11
0.0 1.5009156684836 0.0 2.0 12
2.721573163015813 1.0 0.0 1.0 13
3.4148312611236844 1.0 0.0 1.0 14
0.4478131181360789 1.0 4.0 1.0 16
0.6461073475890879 1.0 4.0 1.0 17
4.0 0.6925960802509371 4.0 0.0 18
0.0 1.2246860413287204 0.0 2.0 19
4.0 0.9514527170281231 4.0 1.0 20
4.0 1.1431378829245689 4.0 1.0 21
4.0 1.2351764489410257 4.0 2.0 22
0.0 1.0 0.0 2.0 23
4.0 1.0 0.0 1.0 24
0.0 1.0 4.0 1.0 25
4.0 1.0 4.0 2.0 26
4.078950766932716 1.0 4.0 1.0 27
0.17141913765405306 1.0 4.0 1.0 28
4.0 1.0243704103424442 4.0 1.0 29
0.0 0.6355062475076985 0.0 1.0 30
4.0 0.6513186296988372 4.0 1.0 31
4.0 1.310621198543393 4.0 1.0 32
4.468952562759309 1.0 4.0 1.0 33
0.0 0.43223744183696977 0.0 1.0 34
0.0 1.539435049946353 0.0 1.0 35
4.0 1.5257565411463136 4.0 1.0 36
4.0 0.25801863756260063 4.0 1.0 37
4.757847451144475 1.0 4.0 1.0 38
0.0 0.11899212209705251 0.0 1.0 39
4.0 1.9207347411679396 4.0 1.0 40
*** t = 24
1.5807070571066602 1.0 4.0 1.0 1
2.9871712443473752 1.0 0.0 1.0 2
1.3118816696142135 1.0 0.0 1.0 3
2.1700345660658913 1.0 0.0 1.0 4
1.662028297130956 1.0 4.0 1.0 8
2.9353869331079703 1.0 0.0 1.0 10
1.8788393962958478 1.0 0.0 1.0 11
0.0 1.60109880218032 0.0 2.0 12
2.56176980839279 1.0 0.0 1.0 13
3.297797513348421 1.0 0.0 1.0 14
0.5597663976700986 1.0 4.0 1.0 16
0.7753288171069055 1.0 4.0 1.0 17
4.0 0.5901281070012496 4.0 0.0 18
0.0 1.3370290619930807 0.0 2.0 19
4.0 1.0 5.0 1.0 20
4.0 1.0652413268268024 4.0 1.0 21
4.0 1.3527646734115388 4.0 2.0 22
0.0 1.1198973881574292 0.0 2.0 23
3.8798064896783164 1.0 0.0 1.0 24
0.12995816202797925 1.0 4.0 1.0 25
4.0 1.1358622861006784 4.0 2.0 26
4.0 1.0 4.0 2.0 27
0.3428382753081061 1.0 4.0 1.0 28
4.0 1.0 0.0 1.0 29
0.0 0.7626074970092381 0.0 1.0 30
4.0 0.7815823556386047 4.0 1.0 31
4.0 1.1727454382520714 4.0 1.0 32
4.362743075311171 1.0 4.0 1.0 33
0.0 0.5763165891159597 0.0 1.0 34
0.0 1.3859133999284707 0.0 1.0 35
4.0 1.3676753881950847 4.0 1.0 36
4.0 0.38702795634390097 4.0 1.0 37
4.636771176716712 1.0 4.0 1.0 38
0.0 0.23798424419410502 0.0 1.0 39
4.0 1.8414694823358793 4.0 1.0 40
0.0 0.0 0.0 1.0 41
4.0 0.0 4.0 1.0 42
4.0 2.0 4.0 1.0 43
5.0 1.0 4.0 1.0 44
*** t = 25
1.702299907653326 1.0 4.0 1.0 1
2.895095902924409 1.0 0.0 1.0 2
1.1326737809218275 1.0 0.0 1.0 3
2.0292679942248064 1.0 0.0 1.0 4
1.8131217786883154 1.0 4.0 1.0 8
2.8170965923421893 1.0 0.0 1.0 10
1.7020760126538352 1.0 0.0 1.0 11
0.0 1.7012819358770401 0.0 2.0 12
2.401966453769767 1.0 0.0 1.0 13
3.1807637655731584 1.0 0.0 1.0 14
0.6717196772041183 1.0 4.0 1.0 16
0.904550286624723 1.0 4.0 1.0 17
4.0 0.4876601337515619 4.0 0.0 18
0.0 1.449372082657441 0.0 2.0 19
4.086495701548011 1.0 5.0 1.0 20
4.0 1.0 0.0 1.0 21
4.0 1.4703528978820515 4.0 2.0 22
0.0 1.2397947763148585 0.0 2.0 23
3.7596129793566324 1.0 0.0 1.0 24
0.2599163240559585 1.0 4.0 1.0 25
4.0 1.271724572201357 4.0 2.0 26
4.0 1.1151311541334104 4.0 2.0 27
0.5142574129621592 1.0 4.0 1.0 28
3.8606243443346346 1.0 0.0 1.0 29
0.0 0.8897087465107778 0.0 1.0 30
4.0 0.911846081578372 4.0 1.0 31
4.0 1.03486967796075 4.0 1.0 32
4.256533587863032 1.0 4.0 1.0 33
0.0 0.7203957363949498 0.0 1.0 34
0.0 1.2323917499105885 0.0 1.0 35
4.0 1.209594235243856 4.0 1.0 36
4.0 0.5160372751252013 4.0 1.0 37
4.515694902288949 1.0 4.0 1.0 38
0.0 0.3569763662911576 0.0 1.0 39
4.0 1.7622042235038191 4.0 1.0 40
0.0 0.15245117375051925 0.0 1.0 41
4.0 0.12531109887015882 4.0 1.0 42
4.0 1.9250164421306195 4.0 1.0 43
4.9000976722484895 1.0 4.0 1.0 44
0.0 2.0 0.0 1.0 45
*** t = 26
1.8238927581999922 1.0 4.0 1.0 1
2.803020561501443 1.0 0.0 1.0 2
0.953465892229442 1.0 0.0 1.0 3
1.888501422383721 1.0 0.0 1.0 4
1.964215260245675 1.0 4.0 1.0 8
2.698806251576408 1.0 0.0 1.0 10
1.5253126290118226 1.0 0.0 1.0 11
0.0 1.8014650695737604 0.0 2.0 12
2.2421630991467434 1.0 0.0 1.0 13
3.0637300177978948 1.0 0.0 1.0 14
0.783672956738138 1.0 4.0 1.0 16
1.0337717561425406 1.0 4.0 1.0 17
4.0 0.3851921605018743 4.0 0.0 18
0.0 1.561715103321801 0.0 2.0 19
4.172991403096023 1.0 5.0 1.0 20
3.922103443902233 1.0 0.0 1.0 21
4.0 1.5879411223525641 4.0 2.0 22
0.0 1.3596921644722881 0.0 2.0 23
3.6394194690349493 1.0 0.0 1.0 24
0.3898744860839377 1.0 4.0 1.0 25
4.0 1.4075868583020354 4.0 2.0 26
4.0 1.230262308266821 4.0 2.0 27
0.6856765506162122 1.0 4.0 1.0 28
3.7212486886692697 1.0 0.0 1.0 29
0.0 1.0 0.0 2.0 30
4.0 1.0 0.0 1.0 31
4.0 1.0 0.0 1.0 32
4.150324100414894 1.0 4.0 1.0 33
0.0 0.8644748836739395 0.0 1.0 34
0.0 1.078870099892706 0.0 1.0 35
4.0 1.0515130822926273 4.0 1.0 36
4.0 0.6450465939065014 4.0 1.0 37
4.394618627861187 1.0 4.0 1.0 38
0.0 0.47596848838821004 0.0 1.0 39
4.0 1.6829389646717587 4.0 1.0 40
0.0 0.3049023475010385 0.0 1.0 41
4.0 0.25062219774031763 4.0 1.0 42
4.0 1.850032884261239 4.0 1.0 43
4.800195344496979 1.0 4.0 1.0 44
0.0 1.8976979620174146 0.0 1.0 45
0.0 0.0 0.0 1.0 46
4.0 2.0 4.0 1.0 47
*** t = 27
1.9454856087466583 1.0 4.0 1.0 1
2.710945220078478 1.0 0.0 1.0 2
0.774258003537056 1.0 0.0 1.0 3
1.7477348505426358 1.0 0.0 1.0 4
2.1153087418030347 1.0 4.0 1.0 8
2.580515910810627 1.0 0.0 1.0 10
1.34854924536981 1.0 0.0 1.0 11
0.0 1.9016482032704802 0.0 2.0 12
2.08235974452372 1.0 0.0 1.0 13
2.946696270022632 1.0 0.0 1.0 14
0.8956262362721578 1.0 4.0 1.0 16
1.1629932256603581 1.0 4.0 1.0 17
4.0 0.28272418725218673 4.0 0.0 18
0.0 1.6740581239861612 0.0 2.0 19
4.259487104644034 1.0 5.0 1.0 20
3.844206887804467 1.0 0.0 1.0 21
4.0 1.7055293468230772 4.0 2.0 22
0.0 1.479589552629717 0.0 2.0 23
3.5192259587132653 1.0 0.0 1.0 24
0.519832648111917 1.0 4.0 1.0 25
4.0 1.5434491444027139 4.0 2.0 26
4.0 1.3453934624002315 4.0 2.0 27
0.8570956882702653 1.0 4.0 1.0 28
3.5818730330039044 1.0 0.0 1.0 29
0.0 1.1271012495015398 0.0 2.0 30
3.8697362740602324 1.0 0.0 1.0 31
3.862124239708679 1.0 0.0 1.0 32
4.044114612966755 1.0 4.0 1.0 33
0.0 1.0 0.0 2.0 34
0.0 1.0 4.0 1.0 35
4.0 1.0 4.0 0.0 36
4.0 0.7740559126878018 4.0 1.0 37
4.273542353433425 1.0 4.0 1.0 38
0.0 0.5949606104852625 0.0 1.0 39
4.0 1.6036737058396984 4.0 1.0 40
0.0 0.45735352125155776 0.0 1.0 41
4.0 0.3759332966104765 4.0 1.0 42
4.0 1.7750493263918585 4.0 1.0 43
4.7002930167454675 1.0 4.0 1.0 44
0.0 1.7953959240348292 0.0 1.0 45
0.0 0.11972403602076975 0.0 1.0 46
4.0 1.841762099771617 4.0 1.0 47
4.0 0.0 4.0 1.0 48
5.0 1.0 4.0 1.0 49
*** t = 28
2.0670784592933247 1.0 4.0 1.0 1
2.618869878655512 1.0 0.0 1.0 2
0.5950501148446705 1.0 0.0 1.0 3
1.6069682787015502 1.0 0.0 1.0 4
2.2664022233603944 1.0 4.0 1.0 8
2.462225570044846 1.0 0.0 1.0 10
1.1717858617277972 1.0 0.0 1.0 11
1.9225563899006968 1.0 0.0 1.0 13
2.829662522247369 1.0 0.0 1.0 14
1.0075795158061773 1.0 4.0 1.0 16
1.2922146951781754 1.0 4.0 1.0 17
4.0 0.18025621400249917 4.0 0.0 18
0.0 1.7864011446505215 0.0 2.0 19
4.345982806192044 1.0 5.0 1.0 20
3.7663103317067 1.0 0.0 1.0 21
4.0 1.8231175712935903 4.0 2.0 22
0.0 1.5994869407871466 0.0 2.0 23
3.3990324483915817 1.0 0.0 1.0 24
0.6497908101398963 1.0 4.0 1.0 25
4.0 1.6793114305033925 4.0 2.0 26
4.0 1.4605246165336419 4.0 2.0 27
1.0285148259243184 1.0 4.0 1.0 28
3.44249737733854 1.0 0.0 1.0 29
0.0 1.2542024990030793 0.0 2.0 30
3.7394725481204647 1.0 0.0 1.0 31
3.724248479417357 1.0 0.0 1.0 32
4.0 1.0 0.0 1.0 33
0.0 1.14407914727899 0.0 2.0 34
0.15352165001788232 1.0 4.0 1.0 35
4.0 0.8419188470487713 4.0 0.0 36
4.0 0.9030652314691021 4.0 1.0 37
4.152466079005662 1.0 4.0 1.0 38
0.0 0.713952732582315 0.0 1.0 39
4.0 1.524408447007638 4.0 1.0 40
0.0 0.609804695002077 0.0 1.0 41
4.0 0.5012443954806353 4.0 1.0 42
4.0 1.700065768522478 4.0 1.0 43
4.600390688993957 1.0 4.0 1.0 44
0.0 1.6930938860522438 0.0 1.0 45
0.0 0.2394480720415395 0.0 1.0 46
4.0 1.6835241995432342 4.0 1.0 47
4.0 0.12220512351125558 4.0 1.0 48
4.796339605245081 1.0 4.0 1.0 49
0.0 0.0 0.0 1.0 50
4.0 2.0 4.0 1.0 51
*** t = 29
2.188671309839991 1.0 4.0 1.0 1
2.5267945372325458 1.0 0.0 1.0 2
0.4158422261522844 1.0 0.0 1.0 3
1.4662017068604651 1.0 0.0 1.0 4
2.417495704917754 1.0 4.0 1.0 8
2.3439352292790647 1.0 0.0 1.0 10
0.9950224780857849 1.0 0.0 1.0 11
1.7627530352776732 1.0 0.0 1.0 13
2.712628774472106 1.0 0.0 1.0 14
1.119532795340197 1.0 4.0 1.0 16
1.4214361646959932 1.0 4.0 1.0 17
4.0 0.0777882407528115 4.0 0.0 18
0.0 1.8987441653148818 0.0 2.0 19
4.432478507740056 1.0 5.0 1.0 20
3.688413775608934 1.0 0.0 1.0 21
4.0 1.940705795764103 4.0 2.0 22
0.0 1.7193843289445754 0.0 2.0 23
3.2788389380698977 1.0 0.0 1.0 24
0.7797489721678755 1.0 4.0 1.0 25
4.0 1.8151737166040707 4.0 2.0 26
4.0 1.5756557706670526 4.0 2.0 27
1.1999339635783715 1.0 4.0 1.0 28
3.3031217216731745 1.0 0.0 1.0 29
0.0 1.3813037485046191 0.0 2.0 30
3.609208822180698 1.0 0.0 1.0 31
3.586372719126036 1.0 0.0 1.0 32
3.893790512551862 1.0 0.0 1.0 33
0.0 1.28815829455798 0.0 2.0 34
0.30704330003576463 1.0 4.0 1.0 35
4.0 0.6838376940975424 4.0 0.0 36
4.0 1.0 0.0 1.0 37
4.031389804577899 1.0 4.0 1.0 38
0.0 0.8329448546793674 0.0 1.0 39
4.0 1.4451431881755774 4.0 1.0 40
0.0 0.7622558687525962 0.0 1.0 41
4.0 0.626555494350794 4.0 1.0 42
4.0 1.6250822106530975 4.0 1.0 43
4.500488361242446 1.0 4.0 1.0 44
0.0 1.5907918480696583 0.0 1.0 45
0.0 0.35917210806230926 0.0 1.0 46
4.0 1.525286299314851 4.0 1.0 47
4.0 0.24441024702251116 4.0 1.0 48
4.5926792104901635 1.0 4.0 1.0 49
0.0 0.11654280564598046 0.0 1.0 50
4.0 1.8455554088612203 4.0 1.0 51
*** t = 30
2.310264160386657 1.0 4.0 1.0 1
2.4347191958095804 1.0 0.0 1.0 2
0.23663433745989892 1.0 0.0 1.0 3
1.3254351350193798 1.0 0.0 1.0 4
2.568589186475114 1.0 4.0 1.0 8
2.2256448885132833 1.0 0.0 1.0 10
0.818259094443772 1.0 0.0 1.0 11
1.6029496806546495 1.0 0.0 1.0 13
2.595595026696842 1.0 0.0 1.0 14
1.2314860748742167 1.0 4.0 1.0 16
1.5506576342138105 1.0 4.0 1.0 17
4.518974209288067 1.0 5.0 1.0 20
3.6105172195111677 1.0 0.0 1.0 21
0.0 1.839281717102005 0.0 2.0 23
3.158645427748214 1.0 0.0 1.0 24
0.9097071341958548 1.0 4.0 1.0 25
4.0 1.951036002704749 4.0 2.0 26
4.0 1.690786924800463 4.0 2.0 27
1.3713531012324245 1.0 4.0 1.0 28
3.163746066007809 1.0 0.0 1.0 29
0.0 1.5084049980061587 0.0 2.0 30
3.4789450962409303 1.0 0.0 1.0 31
3.4484969588347143 1.0 0.0 1.0 32
3.7875810251037234 1.0 0.0 1.0 33
0.0 1.4322374418369697 0.0 2.0 34
0.46056495005364695 1.0 4.0 1.0 35
4.0 0.5257565411463136 4.0 0.0 36
3.8709906812186996 1.0 0.0 1.0 37
4.0 1.0 4.0 0.0 38
0.0 0.95193697677642 0.0 1.0 39
4.0 1.365877929343517 4.0 1.0 40
0.0 0.9147070425031154 0.0 1.0 41
4.0 0.7518665932209528 4.0 1.0 42
4.0 1.550098652783717 4.0 1.0 43
4.400586033490935 1.0 4.0 1.0 44
0.0 1.4884898100870725 0.0 1.0 45
0.0 0.478896144083079 0.0 1.0 46
4.0 1.3670483990864681 4.0 1.0 47
4.0 0.36661537053376675 4.0 1.0 48
4.389018815735245 1.0 4.0 1.0 49
0.0 0.23308561129196093 0.0 1.0 50
4.0 1.6911108177224403 4.0 1.0 51
0.0 0.0 0.0 1.0 52
0.0 2.0 0.0 1.0 53
4.0 0.0 4.0 1.0 54
4.0 2.0 4.0 1.0 55
5.0 1.0 4.0 1.0 56
*** t = 31
2.431857010933323 1.0 4.0 1.0 1
2.342643854386614 1.0 0.0 1.0 2
0.05742644876751285 1.0 0.0 1.0 3
1.1846685631782947 1.0 0.0 1.0 4
2.7196826680324735 1.0 4.0 1.0 8
2.1073545477475024 1.0 0.0 1.0 10
0.6414957108017597 1.0 0.0 1.0 11
1.4431463260316262 1.0 0.0 1.0 13
2.478561278921579 1.0 0.0 1.0 14
1.3434393544082364 1.0 4.0 1.0 16
1.6798791037316283 1.0 4.0 1.0 17
4.605469910836078 1.0 5.0 1.0 20
3.532620663413401 1.0 0.0 1.0 21
0.0 1.959179105259434 0.0 2.0 23
3.03845191742653 1.0 0.0 1.0 24
1.039665296223834 1.0 4.0 1.0 25
4.0 1.8059180789338733 4.0 2.0 27
1.5427722388864773 1.0 4.0 1.0 28
3.0243704103424442 1.0 0.0 1.0 29
0.0 1.6355062475076985 0.0 2.0 30
3.3486813703011626 1.0 0.0 1.0 31
3.310621198543393 1.0 0.0 1.0 32
3.6813715376555853 1.0 0.0 1.0 33
0.0 1.5763165891159596 0.0 2.0 34
0.6140866000715293 1.0 4.0 1.0 35
4.0 0.36767538819508483 4.0 0.0 36
3.7419813624373996 1.0 0.0 1.0 37
4.0 0.8789237255722374 4.0 0.0 38
0.0 1.0 0.0 2.0 39
4.0 1.2866126705114567 4.0 1.0 40
0.0 1.0 4.0 1.0 41
4.0 0.8771776920911116 4.0 1.0 42
4.0 1.4751150949143366 4.0 1.0 43
4.300683705739424 1.0 4.0 1.0 44
0.0 1.3861877721044875 0.0 1.0 45
0.0 0.5986201801038488 0.0 1.0 46
4.0 1.2088104988580852 4.0 1.0 47
4.0 0.4888204940450223 4.0 1.0 48
4.185358420980327 1.0 4.0 1.0 49
0.0 0.3496284169379414 0.0 1.0 50
4.0 1.5366662265836606 4.0 1.0 51
0.0 0.15884872302419312 0.0 1.0 52
0.0 1.8888384459893601 0.0 1.0 53
4.0 0.12868450068831472 4.0 1.0 54
4.0 1.8021226357808633 4.0 1.0 55
4.922882121042489 1.0 4.0 1.0 56
*** t = 32
2.553449861479989 1.0 4.0 1.0 1
2.250568512963649 1.0 0.0 1.0 2
0.0 1.0 0.0 2.0 3
1.043901991337209 1.0 0.0 1.0 4
2.870776149589833 1.0 4.0 1.0 8
1.9890642069817215 1.0 0.0 1.0 10
0.4647323271597469 1.0 0.0 1.0 11
1.2833429714086027 1.0 0.0 1.0 13
2.361527531146316 1.0 0.0 1.0 14
1.455392633942256 1.0 4.0 1.0 16
1.8091005732494458 1.0 4.0 1.0 17
4.69196561238409 1.0 5.0 1.0 20
3.4547241073156347 1.0 0.0 1.0 21
2.9182584071048465 1.0 0.0 1.0 24
1.1696234582518132 1.0 4.0 1.0 25
4.0 1.9210492330672837 4.0 2.0 27
1.7141913765405306 1.0 4.0 1.0 28
2.884994754677079 1.0 0.0 1.0 29
0.0 1.762607497009238 0.0 2.0 30
3.2184176443613954 1.0 0.0 1.0 31
3.1727454382520714 1.0 0.0 1.0 32
3.575162050207447 1.0 0.0 1.0 33
0.0 1.7203957363949496 0.0 2.0 34
0.7676082500894116 1.0 4.0 1.0 35
4.0 0.20959423524385598 4.0 0.0 36
3.612972043656099 1.0 0.0 1.0 37
4.0 0.7578474511444749 4.0 0.0 38
0.0 1.1189921220970525 0.0 2.0 39
4.0 1.2073474116793965 4.0 1.0 40
0.15245117375051925 1.0 4.0 1.0 41
4.0 1.0 4.0 2.0 42
4.0 1.400131537044956 4.0 1.0 43
4.200781377987913 1.0 4.0 1.0 44
0.0 1.2838857341219017 0.0 1.0 45
0.0 0.7183442161246185 0.0 1.0 46
4.0 1.0505725986297023 4.0 1.0 47
4.0 0.6110256175562779 4.0 1.0 48
4.0 1.0 0.0 1.0 49
0.0 0.46617122258392185 0.0 1.0 50
4.0 1.3822216354448806 4.0 1.0 51
0.0 0.31769744604838623 0.0 1.0 52
0.0 1.7776768919787203 0.0 1.0 53
4.0 0.25736900137662944 4.0 1.0 54
4.0 1.6042452715617268 4.0 1.0 55
4.845764242084979 1.0 4.0 1.0 56
0.0 0.0 0.0 1.0 57
4.0 2.0 4.0 1.0 58
*** t = 33
2.675042712026655 1.0 4.0 1.0 1
2.1584931715406825 1.0 0.0 1.0 2
0.0 1.1792078886923858 0.0 2.0 3
0.9031354194961239 1.0 0.0 1.0 4
3.021869631147193 1.0 4.0 1.0 8
1.8707738662159406 1.0 0.0 1.0 10
0.2879689435177346 1.0 0.0 1.0 11
1.1235396167855793 1.0 0.0 1.0 13
2.2444937833710528 1.0 0.0 1.0 14
1.5673459134762757 1.0 4.0 1.0 16
1.9383220427672634 1.0 4.0 1.0 17
4.778461313932101 1.0 5.0 1.0 20
3.3768275512178683 1.0 0.0 1.0 21
2.7980648967831634 1.0 0.0 1.0 24
1.2995816202797925 1.0 4.0 1.0 25
1.8856105141945836 1.0 4.0 1.0 28
2.7456190990117135 1.0 0.0 1.0 29
0.0 1.889708746510778 0.0 2.0 30
3.088153918421628 1.0 0.0 1.0 31
3.0348696779607502 1.0 0.0 1.0 32
3.4689525627593087 1.0 0.0 1.0 33
0.0 1.8644748836739395 0.0 2.0 34
0.9211299001072939 1.0 4.0 1.0 35
4.0 0.051513082292627244 4.0 0.0 36
3.483962724874799 1.0 0.0 1.0 37
4.0 0.6367711767167122 4.0 0.0 38
0.0 1.2379842441941051 0.0 2.0 39
4.0 1.1280821528473362 4.0 1.0 40
0.3049023475010385 1.0 4.0 1.0 41
4.0 1.125311098870159 4.0 2.0 42
4.0 1.3251479791755756 4.0 1.0 43
4.1008790502364025 1.0 4.0 1.0 44
0.0 1.1815836961393165 0.0 1.0 45
0.0 0.8380682521453884 0.0 1.0 46
4.0 1.0 0.0 1.0 47
4.0 0.7332307410675335 4.0 1.0 48
3.7963396052450817 1.0 0.0 1.0 49
0.0 0.5827140282299024 0.0 1.0 50
4.0 1.2277770443061011 4.0 1.0 51
0.0 0.4765461690725793 0.0 1.0 52
0.0 1.6665153379680802 0.0 1.0 53
4.0 0.38605350206494415 4.0 1.0 54
4.0 1.4063679073425899 4.0 1.0 55
4.768646363127468 1.0 4.0 1.0 56
0.0 0.09102393944294848 0.0 1.0 57
4.0 1.8410557491286657 4.0 1.0 58
4.0 0.0 4.0 1.0 59
5.0 1.0 4.0 1.0 60
*** t = 34
2.796635562573322 1.0 4.0 1.0 1
2.066417830117717 1.0 0.0 1.0 2
0.0 1.3584157773847716 0.0 2.0 3
0.7623688476550388 1.0 0.0 1.0 4
3.1729631127045526 1.0 4.0 1.0 8
1.7524835254501596 1.0 0.0 1.0 10
0.11120555987572174 1.0 0.0 1.0 11
0.9637362621625556 1.0 0.0 1.0 13
2.1274600355957896 1.0 0.0 1.0 14
1.6792991930102954 1.0 4.0 1.0 16
2.067543512285081 1.0 4.0 1.0 17
4.864957015480112 1.0 5.0 1.0 20
3.298930995120102 1.0 0.0 1.0 21
2.6778713864614794 1.0 0.0 1.0 24
1.4295397823077718 1.0 4.0 1.0 25
2.057029651848637 1.0 4.0 1.0 28
2.606243443346349 1.0 0.0 1.0 29
2.9578901924818606 1.0 0.0 1.0 31
2.8969939176694286 1.0 0.0 1.0 32
3.3627430753111707 1.0 0.0 1.0 33
1.0746515501251763 1.0 4.0 1.0 35
3.3549534060934985 1.0 0.0 1.0 37
4.0 0.5156949022889497 4.0 0.0 38
0.0 1.3569763662911576 0.0 2.0 39
4.0 1.0488168940152756 4.0 1.0 40
0.45735352125155776 1.0 4.0 1.0 41
4.0 1.2506221977403176 4.0 2.0 42
4.0 1.250164421306195 4.0 1.0 43
4.000976722484892 1.0 4.0 1.0 44
0.0 1.079281658156731 0.0 1.0 45
0.0 0.957792288166158 0.0 1.0 46
3.841762099771617 1.0 0.0 1.0 47
4.0 0.8554358645787891 4.0 1.0 48
3.5926792104901635 1.0 0.0 1.0 49
0.0 0.6992568338758829 0.0 1.0 50
4.0 1.0733324531673214 4.0 1.0 51
0.0 0.6353948920967725 0.0 1.0 52
0.0 1.5553537839574403 0.0 1.0 53
4.0 0.5147380027532589 4.0 1.0 54
4.0 1.2084905431234534 4.0 1.0 55
4.691528484169957 1.0 4.0 1.0 56
0.0 0.18204787888589696 0.0 1.0 57
4.0 1.682111498257331 4.0 1.0 58
4.0 0.12203157466340749 4.0 1.0 59
4.852876175550964 1.0 4.0 1.0 60
0.0 0.0 0.0 1.0 61
4.0 2.0 4.0 1.0 62
*** t = 35
2.918228413119988 1.0 4.0 1.0 1
1.974342488694751 1.0 0.0 1.0 2
0.0 1.537623666077157 0.0 2.0 3
0.621602275813953 1.0 0.0 1.0 4
3.3240565942619122 1.0 4.0 1.0 8
1.6341931846843787 1.0 0.0 1.0 10
0.0 1.0 0.0 2.0 11
0.8039329075395318 1.0 0.0 1.0 13
2.0104262878205263 1.0 0.0 1.0 14
1.791252472544315 1.0 4.0 1.0 16
2.196764981802899 1.0 4.0 1.0 17
4.951452717028123 1.0 5.0 1.0 20
3.2210344390223353 1.0 0.0 1.0 21
2.5576778761397954 1.0 0.0 1.0 24
1.559497944335751 1.0 4.0 1.0 25
2.22844878950269 1.0 4.0 1.0 28
2.4668677876809837 1.0 0.0 1.0 29
2.827626466542093 1.0 0.0 1.0 31
2.759118157378107 1.0 0.0 1.0 32
3.256533587863032 1.0 0.0 1.0 33
1.2281732001430585 1.0 4.0 1.0 35
3.225944087312198 1.0 0.0 1.0 37
4.0 0.3946186278611872 4.0 0.0 38
0.0 1.4759684883882103 0.0 2.0 39
4.0 1.0 0.0 1.0 40
0.609804695002077 1.0 4.0 1.0 41
4.0 1.3759332966104765 4.0 2.0 42
4.0 1.1751808634368146 4.0 1.0 43
4.0 1.0 4.0 0.0 44
0.0 1.0 4.0 1.0 45
0.0 1.0 4.0 1.0 46
3.683524199543234 1.0 0.0 1.0 47
4.0 0.9776409880900446 4.0 1.0 48
3.389018815735245 1.0 0.0 1.0 49
0.0 0.8157996395218635 0.0 1.0 50
4.0 1.0 0.0 1.0 51
0.0 0.7942436151209655 0.0 1.0 52
0.0 1.4441922299468004 0.0 1.0 53
4.0 0.6434225034415736 4.0 1.0 54
4.0 1.0106131789043165 4.0 1.0 55
4.614410605212447 1.0 4.0 1.0 56
0.0 0.2730718183288454 0.0 1.0 57
4.0 1.5231672473859967 4.0 1.0 58
4.0 0.24406314932681497 4.0 1.0 59
4.7057523511019275 1.0 4.0 1.0 60
0.0 0.10612881193260576 0.0 1.0 61
4.0 1.8568748592444293 4.0 1.0 62
0.0 2.0 0.0 1.0 63
*** t = 36
3.039821263666654 1.0 4.0 1.0 1
1.8822671472717851 1.0 0.0 1.0 2
0.0 1.7168315547695427 0.0 2.0 3
0.4808357039728679 1.0 0.0 1.0 4
3.475150075819272 1.0 4.0 1.0 8
1.5159028439185978 1.0 0.0 1.0 10
0.0 1.1767633836420126 0.0 2.0 11
0.6441295529165086 1.0 0.0 1.0 13
1.8933925400452631 1.0 0.0 1.0 14
1.9032057520783348 1.0 4.0 1.0 16
2.3259864513207167 1.0 4.0 1.0 17
3.143137882924569 1.0 0.0 1.0 21
2.4374843658181113 1.0 0.0 1.0 24
1.6894561063637303 1.0 4.0 1.0 25
2.3998679271567434 1.0 4.0 1.0 28
2.3274921320156183 1.0 0.0 1.0 29
2.6973627406023253 1.0 0.0 1.0 31
2.621242397086786 1.0 0.0 1.0 32
3.1503241004148936 1.0 0.0 1.0 33
1.381694850160941 1.0 4.0 1.0 35
3.096934768530898 1.0 0.0 1.0 37
4.0 0.27354235343342453 4.0 0.0 38
0.0 1.5949606104852625 0.0 2.0 39
3.92073474116794 1.0 0.0 1.0 40
0.7622558687525962 1.0 4.0 1.0 41
4.0 1.5012443954806352 4.0 2.0 42
4.0 1.1001973055674341 4.0 1.0 43
4.0 0.9000976722484891 4.0 0.0 44
0.10230203798258546 1.0 4.0 1.0 45
0.11972403602076975 1.0 4.0 1.0 46
3.525286299314851 1.0 0.0 1.0 47
4.0 1.0 0.0 1.0 48
3.1853584209803274 1.0 0.0 1.0 49
0.0 0.9323424451678438 0.0 1.0 50
3.84555540886122 1.0 0.0 1.0 51
0.0 0.9530923381451586 0.0 1.0 52
0.0 1.3330306759361605 0.0 1.0 53
4.0 0.7721070041298883 4.0 1.0 54
4.0 1.0 5.0 1.0 55
4.537292726254935 1.0 4.0 1.0 56
0.0 0.3640957577717939 0.0 1.0 57
4.0 1.3642229965146624 4.0 1.0 58
4.0 0.36609472399022247 4.0 1.0 59
4.558628526652892 1.0 4.0 1.0 60
0.0 0.21225762386521152 0.0 1.0 61
4.0 1.7137497184888588 4.0 1.0 62
0.0 1.8459492680815195 0.0 1.0 63
0.0 0.0 0.0 1.0 64
4.0 0.0 4.0 1.0 65
4.0 2.0 4.0 1.0 66
5.0 1.0 4.0 1.0 67
*** t = 37
3.1614141142133203 1.0 4.0 1.0 1
1.7901918058488193 1.0 0.0 1.0 2
0.0 1.8960394434619285 0.0 2.0 3
0.3400691321317828 1.0 0.0 1.0 4
3.6262435573766316 1.0 4.0 1.0 8
1.397612503152817 1.0 0.0 1.0 10
0.0 1.3535267672840254 0.0 2.0 11
0.48432619829348483 1.0 0.0 1.0 13
1.77635879227 1.0 0.0 1.0 14
2.0151590316123547 1.0 4.0 1.0 16
2.4552079208385345 1.0 4.0 1.0 17
3.0652413268268024 1.0 0.0 1.0 21
2.3172908554964278 1.0 0.0 1.0 24
1.8194142683917096 1.0 4.0 1.0 25
2.571287064810797 1.0 4.0 1.0 28
2.1881164763502534 1.0 0.0 1.0 29
2.567099014662558 1.0 0.0 1.0 31
2.4833666367954645 1.0 0.0 1.0 32
3.0441146129667556 1.0 0.0 1.0 33
1.5352165001788227 1.0 4.0 1.0 35
2.9679254497495977 1.0 0.0 1.0 37
4.0 0.15246607900566203 4.0 0.0 38
0.0 1.713952732582315 0.0 2.0 39
3.8414694823358793 1.0 0.0 1.0 40
0.9147070425031154 1.0 4.0 1.0 41
4.0 1.6265554943507943 4.0 2.0 42
4.0 1.0252137476980536 4.0 1.0 43
4.0 0.8001953444969783 4.0 0.0 44
0.2046040759651709 1.0 4.0 1.0 45
0.2394480720415395 1.0 4.0 1.0 46
3.3670483990864684 1.0 0.0 1.0 47
3.8777948764887444 1.0 0.0 1.0 48
2.9816980262254087 1.0 0.0 1.0 49
0.0 1.0 4.0 1.0 50
3.6911108177224405 1.0 0.0 1.0 51
0.0 1.0 0.0 2.0 52
0.0 1.2218691219255207 0.0 1.0 53
4.0 0.900791504818203 4.0 1.0 54
4.197877364219137 1.0 5.0 1.0 55
4.4601748472974245 1.0 4.0 1.0 56
0.0 0.45511969721474244 0.0 1.0 57
4.0 1.2052787456433278 4.0 1.0 58
4.0 0.48812629865362994 4.0 1.0 59
4.411504702203856 1.0 4.0 1.0 60
0.0 0.3183864357978173 0.0 1.0 61
4.0 1.5706245777332883 4.0 1.0 62
0.0 1.691898536163039 0.0 1.0 63
0.0 0.09861245090308249 0.0 1.0 64
4.0 0.11588649655456132 4.0 1.0 65
4.0 1.9032939631083914 4.0 1.0 66
4.892748479834477 1.0 4.0 1.0 67
*** t = 38
3.283006964759986 1.0 4.0 1.0 1
1.6981164644258535 1.0 0.0 1.0 2
0.1993025602906971 1.0 0.0 1.0 4
3.7773370389339913 1.0 4.0 1.0 8
1.2793221623870357 1.0 0.0 1.0 10
0.0 1.530290150926038 0.0 2.0 11
0.32452284367046164 1.0 0.0 1.0 13
1.6593250444947367 1.0 0.0 1.0 14
2.1271123111463743 1.0 4.0 1.0 16
2.584429390356352 1.0 4.0 1.0 17
2.987344770729036 1.0 0.0 1.0 21
2.197097345174744 1.0 0.0 1.0 24
1.9493724304196889 1.0 4.0 1.0 25
2.7427062024648503 1.0 4.0 1.0 28
2.0487408206848885 1.0 0.0 1.0 29
2.4368352887227904 1.0 0.0 1.0 31
2.345490876504143 1.0 0.0 1.0 32
2.9379051255186175 1.0 0.0 1.0 33
1.688738150196705 1.0 4.0 1.0 35
2.838916130968297 1.0 0.0 1.0 37
4.0 0.03138980457789941 4.0 0.0 38
0.0 1.8329448546793674 0.0 2.0 39
3.762204223503819 1.0 0.0 1.0 40
1.0671582162536346 1.0 4.0 1.0 41
4.0 1.751866593220953 4.0 2.0 42
4.0 1.0 4.0 0.0 43
4.0 0.7002930167454676 4.0 0.0 44
0.30690611394775635 1.0 4.0 1.0 45
0.35917210806230926 1.0 4.0 1.0 46
3.2088104988580852 1.0 0.0 1.0 47
3.755589752977489 1.0 0.0 1.0 48
2.7780376314704904 1.0 0.0 1.0 49
0.11654280564598046 1.0 4.0 1.0 50
3.5366662265836606 1.0 0.0 1.0 51
0.0 1.158848723024193 0.0 2.0 52
0.0 1.1107075679148808 0.0 1.0 53
4.0 1.0 4.0 2.0 54
4.395754728438273 1.0 5.0 1.0 55
4.383056968339914 1.0 4.0 1.0 56
0.0 0.546143636657691 0.0 1.0 57
4.0 1.0463344947719933 4.0 1.0 58
4.0 0.6101578733170374 4.0 1.0 59
4.264380877754819 1.0 4.0 1.0 60
0.0 0.42451524773042304 0.0 1.0 61
4.0 1.4274994369777179 4.0 1.0 62
0.0 1.5378478042445585 0.0 1.0 63
0.0 0.19722490180616498 0.0 1.0 64
4.0 0.23177299310912264 4.0 1.0 65
4.0 1.8065879262167828 4.0 1.0 66
4.785496959668954 1.0 4.0 1.0 67
0.0 0.0 0.0 1.0 68
4.0 2.0 4.0 1.0 69
*** t = 39
3.404599815306652 1.0 4.0 1.0 1
1.6060411230028877 1.0 0.0 1.0 2
0.05853598844961198 1.0 0.0 1.0 4
3.928430520491351 1.0 4.0 1.0 8
1.161031821621255 1.0 0.0 1.0 10
0.0 1.7070535345680509 0.0 2.0 11
0.16471948904743783 1.0 0.0 1.0 13
1.5422912967194735 1.0 0.0 1.0 14
2.239065590680394 1.0 4.0 1.0 16
2.71365085987417 1.0 4.0 1.0 17
2.909448214631269 1.0 0.0 1.0 21
2.07690383485306 1.0 0.0 1.0 24
2.079330592447668 1.0 4.0 1.0 25
2.914125340118903 1.0 4.0 1.0 28
1.9093651650195234 1.0 0.0 1.0 29
2.306571562783023 1.0 0.0 1.0 31
2.2076151162128217 1.0 0.0 1.0 32
2.831695638070479 1.0 0.0 1.0 33
1.8422598002145874 1.0 4.0 1.0 35
2.709906812186997 1.0 0.0 1.0 37
0.0 1.9519369767764199 0.0 2.0 39
3.6829389646717585 1.0 0.0 1.0 40
1.2196093900041538 1.0 4.0 1.0 41
4.0 1.8771776920911116 4.0 2.0 42
4.0 0.9250164421306195 4.0 0.0 43
4.0 0.6003906889939566 4.0 0.0 44
0.4092081519303418 1.0 4.0 1.0 45
0.478896144083079 1.0 4.0 1.0 46
3.050572598629702 1.0 0.0 1.0 47
3.6333846294662333 1.0 0.0 1.0 48
2.5743772367155726 1.0 0.0 1.0 49
0.23308561129196093 1.0 4.0 1.0 50
3.3822216354448806 1.0 0.0 1.0 51
0.0 1.3176974460483861 0.0 2.0 52
0.0 1.0 0.0 0.0 53
4.0 1.1286845006883146 4.0 2.0 54
4.59363209265741 1.0 5.0 1.0 55
4.305939089382403 1.0 4.0 1.0 56
0.0 0.6371675761006395 0.0 1.0 57
4.0 1.0 0.0 1.0 58
4.0 0.7321894479804449 4.0 1.0 59
4.117257053305783 1.0 4.0 1.0 60
0.0 0.5306440596630289 0.0 1.0 61
4.0 1.2843742962221472 4.0 1.0 62
0.0 1.3837970723260782 0.0 1.0 63
0.0 0.2958373527092475 0.0 1.0 64
4.0 0.347659489663684 4.0 1.0 65
4.0 1.709881889325174 4.0 1.0 66
4.6782454395034305 1.0 4.0 1.0 67
0.0 0.14886209335171924 0.0 1.0 68
4.0 1.8993186331799978 4.0 1.0 69
4.0 0.0 4.0 1.0 70
5.0 1.0 4.0 1.0 71
*** t = 40
3.5261926658533183 1.0 4.0 1.0 1
1.513965781579922 1.0 0.0 1.0 2
0.0 1.0 0.0 2.0 4
4.0 1.0 4.0 2.0 8
1.0427414808554738 1.0 0.0 1.0 10
0.0 1.8838169182100637 0.0 2.0 11
0.004916134424414622 1.0 0.0 1.0 13
1.4252575489442103 1.0 0.0 1.0 14
2.3510188702144137 1.0 4.0 1.0 16
2.8428723293919878 1.0 4.0 1.0 17
2.831551658533503 1.0 0.0 1.0 21
1.9567103245313766 1.0 0.0 1.0 24
2.209288754475647 1.0 4.0 1.0 25
3.0855444777729564 1.0 4.0 1.0 28
1.7699895093541582 1.0 0.0 1.0 29
2.176307836843256 1.0 0.0 1.0 31
2.0697393559215 1.0 0.0 1.0 32
2.7254861506223405 1.0 0.0 1.0 33
1.9957814502324696 1.0 4.0 1.0 35
2.580897493405696 1.0 0.0 1.0 37
3.6036737058396984 1.0 0.0 1.0 40
1.3720605637546732 1.0 4.0 1.0 41
4.0 0.850032884261239 4.0 0.0 43
4.0 0.5004883612424458 4.0 0.0 44
0.5115101899129273 1.0 4.0 1.0 45
0.5986201801038488 1.0 4.0 1.0 46
2.8923346984013194 1.0 0.0 1.0 47
3.5111795059549773 1.0 0.0 1.0 48
2.370716841960654 1.0 0.0 1.0 49
0.3496284169379414 1.0 4.0 1.0 50
3.227777044306101 1.0 0.0 1.0 51
0.0 1.4765461690725794 0.0 2.0 52
0.0 0.8888384459893601 0.0 0.0 53
4.0 1.2573690013766294 4.0 2.0 54
4.791509456876547 1.0 5.0 1.0 55
4.228821210424893 1.0 4.0 1.0 56
0.0 0.728191515543588 0.0 1.0 57
3.841055749128665 1.0 0.0 1.0 58
4.0 0.8542210226438525 4.0 1.0 59
4.0 1.0 4.0 2.0 60
0.0 0.6367728715956347 0.0 1.0 61
4.0 1.141249155466577 4.0 1.0 62
0.0 1.2297463404075974 0.0 1.0 63
0.0 0.39444980361232995 0.0 1.0 64
4.0 0.4635459862182453 4.0 1.0 65
4.0 1.6131758524335655 4.0 1.0 66
4.570993919337908 1.0 4.0 1.0 67
0.0 0.2977241867034385 0.0 1.0 68
4.0 1.7986372663599954 4.0 1.0 69
4.0 0.13542350259441258 4.0 1.0 70
4.880381019461737 1.0 4.0 1.0 71
0.0 0.0 0.0 1.0 72
0.0 2.0 0.0 1.0 73
4.0 2.0 4.0 1.0 74
*** t = 41
3.6477855163999844 1.0 4.0 1.0 1
1.4218904401569563 1.0 0.0 1.0 2
0.0 1.1407665718410853 0.0 2.0 4
4.0 1.1510934815573597 4.0 2.0 8
0.9244511400896931 1.0 0.0 1.0 10
0.0 1.0 0.0 2.0 13
1.3082238011689469 1.0 0.0 1.0 14
2.4629721497484334 1.0 4.0 1.0 16
2.972093798909805 1.0 4.0 1.0 17
2.753655102435737 1.0 0.0 1.0 21
1.836516814209693 1.0 0.0 1.0 24
2.3392469165036265 1.0 4.0 1.0 25
3.2569636154270096 1.0 4.0 1.0 28
1.6306138536887935 1.0 0.0 1.0 29
2.0460441109034884 1.0 0.0 1.0 31
1.9318635956301788 1.0 0.0 1.0 32
2.6192766631742024 1.0 0.0 1.0 33
2.1493031002503518 1.0 4.0 1.0 35
2.451888174624396 1.0 0.0 1.0 37
3.524408447007638 1.0 0.0 1.0 40
1.5245117375051922 1.0 4.0 1.0 41
4.0 0.7750493263918585 4.0 0.0 43
4.0 0.40058603349093486 4.0 0.0 44
0.6138122278955127 1.0 4.0 1.0 45
0.7183442161246185 1.0 4.0 1.0 46
2.7340967981729363 1.0 0.0 1.0 47
3.388974382443722 1.0 0.0 1.0 48
2.167056447205736 1.0 0.0 1.0 49
0.46617122258392185 1.0 4.0 1.0 50
3.073332453167321 1.0 0.0 1.0 51
0.0 1.6353948920967725 0.0 2.0 52
0.0 0.7776768919787201 0.0 0.0 53
4.0 1.3860535020649443 4.0 2.0 54
4.9893868210956835 1.0 5.0 1.0 55
4.151703331467382 1.0 4.0 1.0 56
0.0 0.8192154549865365 0.0 1.0 57
3.6821114982573313 1.0 0.0 1.0 58
4.0 0.97625259730726 4.0 1.0 59
4.0 1.147123824449036 4.0 2.0 60
0.0 0.7429016835282405 0.0 1.0 61
4.0 1.0 5.0 1.0 62
0.0 1.075695608489117 0.0 1.0 63
0.0 0.49306225451541236 0.0 1.0 64
4.0 0.5794324827728066 4.0 1.0 65
4.0 1.516469815541957 4.0 1.0 66
4.463742399172385 1.0 4.0 1.0 67
0.0 0.4465862800551577 0.0 1.0 68
4.0 1.697955899539993 4.0 1.0 69
4.0 0.27084700518882515 4.0 1.0 70
4.760762038923474 1.0 4.0 1.0 71
0.0 0.1268199825650135 0.0 1.0 72
0.0 1.8560280058533487 0.0 1.0 73
4.0 1.8421715327743247 4.0 1.0 74
*** t = 42
3.7693783669466505 1.0 4.0 1.0 1
1.3298150987339903 1.0 0.0 1.0 2
0.0 1.2815331436821706 0.0 2.0 4
4.0 1.3021869631147192 4.0 2.0 8
0.8061607993239125 1.0 0.0 1.0 10
0.0 1.1598033546230233 0.0 2.0 13
1.1911900533936841 1.0 0.0 1.0 14
2.574925429282453 1.0 4.0 1.0 16
3.1013152684276237 1.0 4.0 1.0 17
2.67575854633797 1.0 0.0 1.0 21
1.7163233038880095 1.0 0.0 1.0 24
2.4692050785316058 1.0 4.0 1.0 25
3.428382753081063 1.0 4.0 1.0 28
1.4912381980234284 1.0 0.0 1.0 29
1.9157803849637207 1.0 0.0 1.0 31
1.793987835338857 1.0 0.0 1.0 32
2.513067175726064 1.0 0.0 1.0 33
2.302824750268234 1.0 4.0 1.0 35
2.3228788558430953 1.0 0.0 1.0 37
3.4451431881755776 1.0 0.0 1.0 40
1.6769629112557114 1.0 4.0 1.0 41
4.0 0.700065768522478 4.0 0.0 43
4.0 0.30068370573942405 4.0 0.0 44
0.7161142658780981 1.0 4.0 1.0 45
0.8380682521453884 1.0 4.0 1.0 46
2.575858897944554 1.0 0.0 1.0 47
3.2667692589324666 1.0 0.0 1.0 48
1.9633960524508176 1.0 0.0 1.0 49
0.5827140282299024 1.0 4.0 1.0 50
2.9188878620285412 1.0 0.0 1.0 51
0.0 1.7942436151209653 0.0 2.0 52
0.0 0.6665153379680803 0.0 0.0 53
4.0 1.5147380027532589 4.0 2.0 54
4.07458545250987 1.0 4.0 1.0 56
0.0 0.910239394429485 0.0 1.0 57
3.5231672473859965 1.0 0.0 1.0 58
4.0 1.0 5.0 1.0 59
4.0 1.2942476488980723 4.0 2.0 60
0.0 0.8490304954608463 0.0 1.0 61
4.14312514075557 1.0 5.0 1.0 62
0.0 1.0 4.0 1.0 63
0.0 0.5916747054184949 0.0 1.0 64
4.0 0.6953189793273679 4.0 1.0 65
4.0 1.4197637786503483 4.0 1.0 66
4.356490879006861 1.0 4.0 1.0 67
0.0 0.595448373406877 0.0 1.0 68
4.0 1.5972745327199909 4.0 1.0 69
4.0 0.4062705077832377 4.0 1.0 70
4.64114305838521 1.0 4.0 1.0 71
0.0 0.253639965130027 0.0 1.0 72
0.0 1.7120560117066979 0.0 1.0 73
4.0 1.6843430655486489 4.0 1.0 74
0.0 0.0 0.0 1.0 75
4.0 0.0 4.0 1.0 76
4.0 2.0 4.0 1.0 77
5.0 1.0 4.0 1.0 78
*** t = 43
3.8909712174933166 1.0 4.0 1.0 1
1.2377397573110245 1.0 0.0 1.0 2
0.0 1.4222997155232557 0.0 2.0 4
4.0 1.4532804446720786 4.0 2.0 8
0.6878704585581312 1.0 0.0 1.0 10
0.0 1.3196067092460466 0.0 2.0 13
1.0741563056184207 1.0 0.0 1.0 14
2.6868787088164727 1.0 4.0 1.0 16
3.230536737945441 1.0 4.0 1.0 17
2.597861990240203 1.0 0.0 1.0 21
1.596129793566326 1.0 0.0 1.0 24
2.599163240559585 1.0 4.0 1.0 25
3.599801890735116 1.0 4.0 1.0 28
1.3518625423580637 1.0 0.0 1.0 29
1.785516659023953 1.0 0.0 1.0 31
1.6561120750475355 1.0 0.0 1.0 32
2.406857688277926 1.0 0.0 1.0 33
2.456346400286116 1.0 4.0 1.0 35
2.193869537061795 1.0 0.0 1.0 37
3.3658779293435175 1.0 0.0 1.0 40
1.8294140850062306 1.0 4.0 1.0 41
4.0 0.6250822106530975 4.0 0.0 43
4.0 0.20078137798791318 4.0 0.0 44
0.8184163038606836 1.0 4.0 1.0 45
0.957792288166158 1.0 4.0 1.0 46
2.417620997716171 1.0 0.0 1.0 47
3.144564135421211 1.0 0.0 1.0 48
1.7597356576958996 1.0 0.0 1.0 49
0.6992568338758829 1.0 4.0 1.0 50
2.764443270889762 1.0 0.0 1.0 51
0.0 1.9530923381451586 0.0 2.0 52
0.0 0.5553537839574403 0.0 0.0 53
4.0 1.6434225034415737 4.0 2.0 54
4.0 1.0 0.0 1.0 56
0.0 1.0 4.0 1.0 57
3.364222996514662 1.0 0.0 1.0 58
4.122031574663407 1.0 5.0 1.0 59
4.0 1.4413714733471084 4.0 2.0 60
0.0 0.9551593073934521 0.0 1.0 61
4.286250281511141 1.0 5.0 1.0 62
0.1540507319184805 1.0 4.0 1.0 63
0.0 0.6902871563215772 0.0 1.0 64
4.0 0.8112054758819292 4.0 1.0 65
4.0 1.3230577417587397 4.0 1.0 66
4.249239358841338 1.0 4.0 1.0 67
0.0 0.7443104667585962 0.0 1.0 68
4.0 1.4965931658999885 4.0 1.0 69
4.0 0.5416940103776503 4.0 1.0 70
4.521524077846947 1.0 4.0 1.0 71
0.0 0.38045994769504055 0.0 1.0 72
0.0 1.5680840175600468 0.0 1.0 73
4.0 1.5265145983229735 4.0 1.0 74
0.0 0.10204078243838537 0.0 1.0 75
4.0 0.10749869707135043 4.0 1.0 76
4.0 1.898242371339698 4.0 1.0 77
4.918104746757686 1.0 4.0 1.0 78
*** t = 44
4.0 1.0 5.0 1.0 1
1.1456644158880585 1.0 0.0 1.0 2
0.0 1.563066287364341 0.0 2.0 4
4.0 1.6043739262294383 4.0 2.0 8
0.5695801177923505 1.0 0.0 1.0 10
0.0 1.4794100638690701 0.0 2.0 13
0.9571225578431575 1.0 0.0 1.0 14
2.7988319883504924 1.0 4.0 1.0 16
3.359758207463259 1.0 4.0 1.0 17
2.519965434142437 1.0 0.0 1.0 21
1.475936283244642 1.0 0.0 1.0 24
2.7291214025875643 1.0 4.0 1.0 25
3.7712210283891694 1.0 4.0 1.0 28
1.2124868866926988 1.0 0.0 1.0 29
1.6552529330841856 1.0 0.0 1.0 31
1.518236314756214 1.0 0.0 1.0 32
2.3006482008297873 1.0 0.0 1.0 33
2.609868050303999 1.0 4.0 1.0 35
2.064860218280495 1.0 0.0 1.0 37
3.286612670511457 1.0 0.0 1.0 40
1.9818652587567498 1.0 4.0 1.0 41
4.0 0.5500986527837171 4.0 0.0 43
4.0 0.10087905023640233 4.0 0.0 44
0.9207183418432688 1.0 4.0 1.0 45
1.0775163241869277 1.0 4.0 1.0 46
2.2593830974877878 1.0 0.0 1.0 47
3.0223590119099555 1.0 0.0 1.0 48
1.5560752629409813 1.0 0.0 1.0 49
0.8157996395218635 1.0 4.0 1.0 50
2.6099986797509827 1.0 0.0 1.0 51
0.0 0.4441922299468004 0.0 0.0 53
4.0 1.7721070041298885 4.0 2.0 54
3.9228821210424893 1.0 0.0 1.0 56
0.09102393944294848 1.0 4.0 1.0 57
3.205278745643328 1.0 0.0 1.0 58
4.244063149326815 1.0 5.0 1.0 59
4.0 1.5884952977961446 4.0 2.0 60
0.0 1.0 4.0 1.0 61
4.429375422266712 1.0 5.0 1.0 62
0.308101463836961 1.0 4.0 1.0 63
0.0 0.7888996072246599 0.0 1.0 64
4.0 0.9270919724364904 4.0 1.0 65
4.0 1.226351704867131 4.0 1.0 66
4.141987838675815 1.0 4.0 1.0 67
0.0 0.8931725601103156 0.0 1.0 68
4.0 1.3959117990799863 4.0 1.0 69
4.0 0.6771175129720629 4.0 1.0 70
4.401905097308684 1.0 4.0 1.0 71
0.0 0.507279930260054 0.0 1.0 72
0.0 1.4241120234133957 0.0 1.0 73
4.0 1.3686861310972978 4.0 1.0 74
0.0 0.20408156487677073 0.0 1.0 75
4.0 0.21499739414270086 4.0 1.0 76
4.0 1.796484742679396 4.0 1.0 77
4.836209493515373 1.0 4.0 1.0 78
0.0 0.0 0.0 1.0 79
4.0 2.0 4.0 1.0 80
*** t = 45
4.121592850546666 1.0 5.0 1.0 1
1.053589074465093 1.0 0.0 1.0 2
0.0 1.7038328592054262 0.0 2.0 4
4.0 1.755467407786798 4.0 2.0 8
0.45128977702656925 1.0 0.0 1.0 10
0.0 1.6392134184920935 0.0 2.0 13
0.840088810067894 1.0 0.0 1.0 14
2.910785267884512 1.0 4.0 1.0 16
3.4889796769810766 1.0 4.0 1.0 17
2.4420688780446707 1.0 0.0 1.0 21
1.3557427729229585 1.0 0.0 1.0 24
2.8590795646155436 1.0 4.0 1.0 25
3.9426401660432226 1.0 4.0 1.0 28
1.0731112310273334 1.0 0.0 1.0 29
1.5249892071444178 1.0 0.0 1.0 31
1.3803605544648923 1.0 0.0 1.0 32
2.194438713381649 1.0 0.0 1.0 33
2.7633897003218806 1.0 4.0 1.0 35
1.9358508994991945 1.0 0.0 1.0 37
3.2073474116793967 1.0 0.0 1.0 40
2.134316432507269 1.0 4.0 1.0 41
4.0 0.47511509491433657 4.0 0.0 43
4.0 9.767224848914679E-4 4.0 0.0 44
1.0230203798258544 1.0 4.0 1.0 45
1.1972403602076973 1.0 4.0 1.0 46
2.1011451972594046 1.0 0.0 1.0 47
2.9001538883986995 1.0 0.0 1.0 48
1.3524148681860628 1.0 0.0 1.0 49
0.9323424451678438 1.0 4.0 1.0 50
2.4555540886122027 1.0 0.0 1.0 51
0.0 0.3330306759361605 0.0 0.0 53
4.0 1.9007915048182031 4.0 2.0 54
3.8457642420849782 1.0 0.0 1.0 56
0.18204787888589696 1.0 4.0 1.0 57
3.0463344947719935 1.0 0.0 1.0 58
4.366094723990223 1.0 5.0 1.0 59
4.0 1.735619122245181 4.0 2.0 60
0.10612881193260576 1.0 4.0 1.0 61
4.572500563022283 1.0 5.0 1.0 62
0.46215219575544153 1.0 4.0 1.0 63
0.0 0.8875120581277423 0.0 1.0 64
4.0 1.0 4.0 2.0 65
4.0 1.1296456679755225 4.0 1.0 66
4.0347363185102925 1.0 4.0 1.0 67
0.0 1.0 0.0 2.0 68
4.0 1.2952304322599837 4.0 1.0 69
4.0 0.8125410155664755 4.0 1.0 70
4.282286116770421 1.0 4.0 1.0 71
0.0 0.6340999128250675 0.0 1.0 72
0.0 1.2801400292667444 0.0 1.0 73
4.0 1.2108576638716222 4.0 1.0 74
0.0 0.3061223473151561 0.0 1.0 75
4.0 0.3224960912140513 4.0 1.0 76
4.0 1.6947271140190938 4.0 1.0 77
4.754314240273059 1.0 4.0 1.0 78
0.0 0.14054020888414379 0.0 1.0 79
4.0 1.8520187305332132 4.0 1.0 80
0.0 2.0 0.0 1.0 81
4.0 0.0 4.0 1.0 82
5.0 1.0 4.0 1.0 83
*** t = 46
4.243185701093332 1.0 5.0 1.0 1
0.9615137330421271 1.0 0.0 1.0 2
0.0 1.8445994310465113 0.0 2.0 4
4.0 1.9065608893441575 4.0 2.0 8
0.3329994362607886 1.0 0.0 1.0 10
0.0 1.7990167731151165 0.0 2.0 13
0.7230550622926313 1.0 0.0 1.0 14
3.022738547418532 1.0 4.0 1.0 16
3.6182011464988943 1.0 4.0 1.0 17
2.364172321946904 1.0 0.0 1.0 21
1.235549262601275 1.0 0.0 1.0 24
2.989037726643523 1.0 4.0 1.0 25
4.0 1.0 4.0 2.0 28
0.9337355753619687 1.0 0.0 1.0 29
1.3947254812046503 1.0 0.0 1.0 31
1.2424847941735708 1.0 0.0 1.0 32
2.0882292259335107 1.0 0.0 1.0 33
2.9169113503397623 1.0 4.0 1.0 35
1.8068415807178944 1.0 0.0 1.0 37
3.1280821528473357 1.0 0.0 1.0 40
2.2867676062577886 1.0 4.0 1.0 41
4.0 0.4001315370449561 4.0 0.0 43
1.1253224178084398 1.0 4.0 1.0 45
1.316964396228467 1.0 4.0 1.0 46
1.942907297031022 1.0 0.0 1.0 47
2.7779487648874444 1.0 0.0 1.0 48
1.148754473431145 1.0 0.0 1.0 49
1.0488852508138244 1.0 4.0 1.0 50
2.3011094974734227 1.0 0.0 1.0 51
0.0 0.22186912192552072 0.0 0.0 53
3.7686463631274676 1.0 0.0 1.0 56
0.2730718183288454 1.0 4.0 1.0 57
2.8873902439006587 1.0 0.0 1.0 58
4.488126298653629 1.0 5.0 1.0 59
4.0 1.882742946694217 4.0 2.0 60
0.21225762386521152 1.0 4.0 1.0 61
4.715625703777853 1.0 5.0 1.0 62
0.616202927673922 1.0 4.0 1.0 63
0.0 0.9861245090308247 0.0 1.0 64
4.0 1.1158864965545614 4.0 2.0 65
4.0 1.0329396310839138 4.0 1.0 66
4.0 1.0 0.0 1.0 67
0.0 1.1488620933517193 0.0 2.0 68
4.0 1.1945490654399817 4.0 1.0 69
4.0 0.947964518160888 4.0 1.0 70
4.162667136232158 1.0 4.0 1.0 71
0.0 0.760919895390081 0.0 1.0 72
0.0 1.1361680351200933 0.0 1.0 73
4.0 1.0530291966459466 4.0 1.0 74
0.0 0.40816312975354146 0.0 1.0 75
4.0 0.4299947882854017 4.0 1.0 76
4.0 1.592969485358792 4.0 1.0 77
4.6724189870307455 1.0 4.0 1.0 78
0.0 0.28108041776828757 0.0 1.0 79
4.0 1.7040374610664266 4.0 1.0 80
0.0 1.8751859006564886 0.0 1.0 81
4.0 0.17533962835171504 4.0 1.0 82
4.833947017245552 1.0 4.0 1.0 83
0.0 0.0 0.0 1.0 84
4.0 2.0 4.0 1.0 85
*** t = 47
4.364778551639998 1.0 5.0 1.0 1
0.8694383916191611 1.0 0.0 1.0 2
0.0 1.9853660028875963 0.0 2.0 4
0.21470909549500733 1.0 0.0 1.0 10
0.0 1.95882012773814 0.0 2.0 13
0.606021314517368 1.0 0.0 1.0 14
3.1346918269525514 1.0 4.0 1.0 16
3.747422616016712 1.0 4.0 1.0 17
2.2862757658491377 1.0 0.0 1.0 21
1.1153557522795916 1.0 0.0 1.0 24
3.118995888671502 1.0 4.0 1.0 25
4.0 1.171419137654053 4.0 2.0 28
0.7943599196966039 1.0 0.0 1.0 29
1.2644617552648822 1.0 0.0 1.0 31
1.104609033882249 1.0 0.0 1.0 32
1.9820197384853726 1.0 0.0 1.0 33
3.070433000357645 1.0 4.0 1.0 35
1.6778322619365937 1.0 0.0 1.0 37
3.048816894015276 1.0 0.0 1.0 40
2.439218780008308 1.0 4.0 1.0 41
4.0 0.3251479791755756 4.0 0.0 43
1.2276244557910252 1.0 4.0 1.0 45
1.4366884322492366 1.0 4.0 1.0 46
1.7846693968026388 1.0 0.0 1.0 47
2.655743641376189 1.0 0.0 1.0 48
0.9450940786762265 1.0 0.0 1.0 49
1.165428056459805 1.0 4.0 1.0 50
2.146664906334643 1.0 0.0 1.0 51
0.0 0.1107075679148808 0.0 0.0 53
3.691528484169957 1.0 0.0 1.0 56
0.3640957577717939 1.0 4.0 1.0 57
2.728445993029325 1.0 0.0 1.0 58
4.610157873317037 1.0 5.0 1.0 59
0.3183864357978173 1.0 4.0 1.0 61
4.858750844533423 1.0 5.0 1.0 62
0.7702536595924027 1.0 4.0 1.0 63
0.0 1.0 4.0 1.0 64
4.0 1.2317729931091226 4.0 2.0 65
4.0 1.0 0.0 1.0 66
3.8927484798344767 1.0 0.0 1.0 67
0.0 1.2977241867034386 0.0 2.0 68
4.0 1.0938676986199793 4.0 1.0 69
4.0 1.0 4.0 2.0 70
4.043048155693895 1.0 4.0 1.0 71
0.0 0.8877398779550945 0.0 1.0 72
0.0 1.0 0.0 0.0 73
4.0 1.0 0.0 1.0 74
0.0 0.5102039121919268 0.0 1.0 75
4.0 0.5374934853567521 4.0 1.0 76
4.0 1.4912118566984898 4.0 1.0 77
4.590523733788432 1.0 4.0 1.0 78
0.0 0.4216206266524314 0.0 1.0 79
4.0 1.5560561915996403 4.0 1.0 80
0.0 1.750371801312977 0.0 1.0 81
4.0 0.3506792567034301 4.0 1.0 82
4.667894034491103 1.0 4.0 1.0 83
0.0 0.1542130917576335 0.0 1.0 84
4.0 1.8495455199485482 4.0 1.0 85
*** t = 48
4.4863714021866645 1.0 5.0 1.0 1
0.7773630501961952 1.0 0.0 1.0 2
0.09641875472922663 1.0 0.0 1.0 10
0.4889875667421046 1.0 0.0 1.0 14
3.2466451064865707 1.0 4.0 1.0 16
3.87664408553453 1.0 4.0 1.0 17
2.2083792097513713 1.0 0.0 1.0 21
0.9951622419579081 1.0 0.0 1.0 24
3.2489540506994814 1.0 4.0 1.0 25
4.0 1.342838275308106 4.0 2.0 28
0.6549842640312391 1.0 0.0 1.0 29
1.1341980293251146 1.0 0.0 1.0 31
0.9667332735909275 1.0 0.0 1.0 32
1.8758102510372345 1.0 0.0 1.0 33
3.2239546503755268 1.0 4.0 1.0 35
1.5488229431552931 1.0 0.0 1.0 37
2.969551635183216 1.0 0.0 1.0 40
2.591669953758827 1.0 4.0 1.0 41
4.0 0.2501644213061951 4.0 0.0 43
1.3299264937736106 1.0 4.0 1.0 45
1.5564124682700062 1.0 4.0 1.0 46
1.6264314965742557 1.0 0.0 1.0 47
2.533538517864933 1.0 0.0 1.0 48
0.7414336839213082 1.0 0.0 1.0 49
1.2819708621057857 1.0 4.0 1.0 50
1.9922203151958633 1.0 0.0 1.0 51
3.6144106052124467 1.0 0.0 1.0 56
0.45511969721474244 1.0 4.0 1.0 57
2.5695017421579904 1.0 0.0 1.0 58
4.732189447980445 1.0 5.0 1.0 59
0.42451524773042304 1.0 4.0 1.0 61
0.9243043915108831 1.0 4.0 1.0 63
0.09861245090308249 1.0 4.0 1.0 64
4.0 1.347659489663684 4.0 2.0 65
3.903293963108391 1.0 0.0 1.0 66
3.785496959668954 1.0 0.0 1.0 67
0.0 1.4465862800551577 0.0 2.0 68
4.0 1.0 0.0 1.0 69
4.0 1.1354235025944126 4.0 2.0 70
4.0 1.0 4.0 2.0 71
0.0 1.0 4.0 1.0 72
0.0 0.8560280058533489 0.0 0.0 73
3.842171532774324 1.0 0.0 1.0 74
0.0 0.6122446946303122 0.0 1.0 75
4.0 0.6449921824281026 4.0 1.0 76
4.0 1.3894542280381876 4.0 1.0 77
4.508628480546118 1.0 4.0 1.0 78
0.0 0.5621608355365751 0.0 1.0 79
4.0 1.4080749221328535 4.0 1.0 80
0.0 1.6255577019694656 0.0 1.0 81
4.0 0.5260188850551452 4.0 1.0 82
4.501841051736655 1.0 4.0 1.0 83
0.0 0.308426183515267 0.0 1.0 84
4.0 1.6990910398970969 4.0 1.0 85
0.0 0.0 0.0 1.0 86
4.0 0.0 4.0 1.0 87
4.0 2.0 4.0 1.0 88
5.0 1.0 4.0 1.0 89
*** t = 49
4.60796425273333 1.0 5.0 1.0 1
0.6852877087732299 1.0 0.0 1.0 2
0.0 1.0 0.0 2.0 10
0.37195381896684127 1.0 0.0 1.0 14
3.358598386020591 1.0 4.0 1.0 16
4.0 1.0 5.0 1.0 17
2.130482653653605 1.0 0.0 1.0 21
0.8749687316362247 1.0 0.0 1.0 24
3.3789122127274607 1.0 4.0 1.0 25
4.0 1.514257412962159 4.0 2.0 28
0.5156086083658739 1.0 0.0 1.0 29
1.003934303385347 1.0 0.0 1.0 31
0.8288575132996056 1.0 0.0 1.0 32
1.7696007635890965 1.0 0.0 1.0 33
3.3774763003934094 1.0 4.0 1.0 35
1.419813624373993 1.0 0.0 1.0 37
2.890286376351155 1.0 0.0 1.0 40
2.744121127509347 1.0 4.0 1.0 41
4.0 0.1751808634368146 4.0 0.0 43
1.432228531756196 1.0 4.0 1.0 45
1.6761365042907759 1.0 4.0 1.0 46
1.4681935963458725 1.0 0.0 1.0 47
2.411333394353677 1.0 0.0 1.0 48
0.5377732891663902 1.0 0.0 1.0 49
1.3985136677517658 1.0 4.0 1.0 50
1.8377757240570833 1.0 0.0 1.0 51
3.537292726254935 1.0 0.0 1.0 56
0.546143636657691 1.0 4.0 1.0 57
2.4105574912866556 1.0 0.0 1.0 58
4.854221022643852 1.0 5.0 1.0 59
0.5306440596630289 1.0 4.0 1.0 61
1.0783551234293636 1.0 4.0 1.0 63
0.19722490180616498 1.0 4.0 1.0 64
4.0 1.4635459862182452 4.0 2.0 65
3.8065879262167828 1.0 0.0 1.0 66
3.6782454395034305 1.0 0.0 1.0 67
0.0 1.5954483734068772 0.0 2.0 68
3.899318633179998 1.0 0.0 1.0 69
4.0 1.2708470051888252 4.0 2.0 70
4.0 1.1196189805382633 4.0 2.0 71
0.1268199825650135 1.0 4.0 1.0 72
0.0 0.7120560117066979 0.0 0.0 73
3.6843430655486493 1.0 0.0 1.0 74
0.0 0.7142854770686975 0.0 1.0 75
4.0 0.7524908794994529 4.0 1.0 76
4.0 1.2876965993778855 4.0 1.0 77
4.426733227303805 1.0 4.0 1.0 78
0.0 0.702701044420719 0.0 1.0 79
4.0 1.2600936526660669 4.0 1.0 80
0.0 1.500743602625954 0.0 1.0 81
4.0 0.7013585134068602 4.0 1.0 82
4.335788068982206 1.0 4.0 1.0 83
0.0 0.4626392752729005 0.0 1.0 84
4.0 1.548636559845645 4.0 1.0 85
0.0 0.09824073930314584 0.0 1.0 86
4.0 0.07591399977785274 4.0 1.0 87
4.0 1.8562812878659245 4.0 1.0 88
4.907242768872826 1.0 4.0 1.0 89
