*** t = 0
*** t = 1
*** t = 2
*** t = 3
*** t = 4
*** t = 5
*** t = 6
*** t = 7
*** t = 8
*** t = 9
*** t = 10
1.0 1.0 1.0 0.0 1
*** t = 11
1.0 0.8438265874004861 1.0 0.0 1
*** t = 12
1.0 0.6876531748009722 1.0 0.0 1
*** t = 13
1.0 0.5314797622014583 1.0 0.0 1
*** t = 14
1.0 0.3753063496019444 1.0 0.0 1
*** t = 15
1.0 0.21913293700243058 1.0 0.0 1
0.0 0.0 1.0 0.0 2
*** t = 16
1.0 0.06295952440291658 1.0 0.0 1
0.13840158209267472 0.0 1.0 0.0 2
2.0 0.0 1.0 0.0 3
*** t = 17
1.0 0.0 0.0 0.0 1
0.27680316418534945 0.0 1.0 0.0 2
1.852935940286742 0.0 1.0 0.0 3
*** t = 18
0.8438265874004861 0.0 0.0 0.0 1
0.4152047462780242 0.0 1.0 0.0 2
1.7058718805734838 0.0 1.0 0.0 3
*** t = 19
0.6876531748009722 0.0 0.0 0.0 1
0.5536063283706989 0.0 1.0 0.0 2
1.5588078208602258 0.0 1.0 0.0 3
*** t = 20
0.5314797622014583 0.0 0.0 0.0 1
0.6920079104633736 0.0 1.0 0.0 2
1.4117437611469676 0.0 1.0 0.0 3
1.0 1.0 1.0 0.0 4
*** t = 21
0.3753063496019444 0.0 0.0 0.0 1
0.8304094925560483 0.0 1.0 0.0 2
1.2646797014337094 0.0 1.0 0.0 3
1.0 0.8639206297147842 1.0 0.0 4
*** t = 22
0.21913293700243058 0.0 0.0 0.0 1
0.968811074648723 0.0 1.0 0.0 2
1.1176156417204515 0.0 1.0 0.0 3
1.0 0.7278412594295687 1.0 0.0 4
*** t = 23
0.06295952440291658 0.0 0.0 0.0 1
1.0 0.0 1.0 1.0 2
1.0 0.0 1.0 1.0 3
1.0 0.5917618891443529 1.0 0.0 4
*** t = 24
1.0 0.13840158209267472 1.0 1.0 2
1.0 0.14706405971325812 1.0 1.0 3
1.0 0.45568251885913724 1.0 0.0 4
*** t = 25
1.0 0.27680316418534945 1.0 1.0 2
1.0 0.29412811942651623 1.0 1.0 3
1.0 0.31960314857392164 1.0 0.0 4
*** t = 26
1.0 0.4152047462780242 1.0 1.0 2
1.0 0.4411921791397744 1.0 1.0 3
1.0 0.18352377828870586 1.0 0.0 4
*** t = 27
1.0 0.5536063283706989 1.0 1.0 2
1.0 0.5882562388530325 1.0 1.0 3
1.0 0.04744440800349025 1.0 0.0 4
*** t = 28
1.0 0.6920079104633736 1.0 1.0 2
1.0 0.7353202985662906 1.0 1.0 3
1.0 0.0 0.0 0.0 4
*** t = 29
1.0 0.8304094925560483 1.0 1.0 2
1.0 0.8823843582795486 1.0 1.0 3
0.8639206297147842 0.0 0.0 0.0 4
*** t = 30
1.0 0.968811074648723 1.0 1.0 2
0.7278412594295687 0.0 0.0 0.0 4
1.0 1.0 1.0 0.0 5
0.0 0.0 1.0 0.0 6
*** t = 31
0.5917618891443529 0.0 0.0 0.0 4
1.0 0.8801418102808587 1.0 0.0 5
0.16087276603456943 0.0 1.0 0.0 6
*** t = 32
0.45568251885913724 0.0 0.0 0.0 4
1.0 0.7602836205617176 1.0 0.0 5
0.32174553206913886 0.0 1.0 0.0 6
2.0 0.0 1.0 0.0 7
*** t = 33
0.31960314857392164 0.0 0.0 0.0 4
1.0 0.6404254308425763 1.0 0.0 5
0.48261829810370827 0.0 1.0 0.0 6
1.8722411221699033 0.0 1.0 0.0 7
*** t = 34
0.18352377828870586 0.0 0.0 0.0 4
1.0 0.5205672411234351 1.0 0.0 5
0.6434910641382777 0.0 1.0 0.0 6
1.7444822443398067 0.0 1.0 0.0 7
*** t = 35
0.04744440800349025 0.0 0.0 0.0 4
1.0 0.4007090514042939 1.0 0.0 5
0.8043638301728471 0.0 1.0 0.0 6
1.6167233665097103 0.0 1.0 0.0 7
*** t = 36
1.0 0.2808508616851528 1.0 0.0 5
0.9652365962074166 0.0 1.0 0.0 6
1.4889644886796134 0.0 1.0 0.0 7
*** t = 37
1.0 0.16099267196601147 1.0 0.0 5
1.0 0.0 1.0 1.0 6
1.361205610849517 0.0 1.0 0.0 7
*** t = 38
1.0 0.04113448224687034 1.0 0.0 5
1.0 0.16087276603456943 1.0 1.0 6
1.2334467330194203 0.0 1.0 0.0 7
*** t = 39
1.0 0.0 2.0 0.0 5
1.0 0.32174553206913886 1.0 1.0 6
1.1056878551893237 0.0 1.0 0.0 7
*** t = 40
1.1198581897191413 0.0 2.0 0.0 5
1.0 0.48261829810370827 1.0 1.0 6
1.0 0.0 1.0 1.0 7
1.0 1.0 1.0 0.0 8
*** t = 41
1.2397163794382824 0.0 2.0 0.0 5
1.0 0.6434910641382777 1.0 1.0 6
1.0 0.12775887783009662 1.0 1.0 7
1.0 0.8937789727446076 1.0 0.0 8
*** t = 42
1.3595745691574237 0.0 2.0 0.0 5
1.0 0.8043638301728471 1.0 1.0 6
1.0 0.25551775566019325 1.0 1.0 7
1.0 0.7875579454892154 1.0 0.0 8
*** t = 43
1.4794327588765648 0.0 2.0 0.0 5
1.0 0.9652365962074166 1.0 1.0 6
1.0 0.3832766334902898 1.0 1.0 7
1.0 0.6813369182338233 1.0 0.0 8
*** t = 44
1.5992909485957063 0.0 2.0 0.0 5
1.0 0.5110355113203865 1.0 1.0 7
1.0 0.5751158909784309 1.0 0.0 8
*** t = 45
1.7191491383148474 0.0 2.0 0.0 5
1.0 0.6387943891504831 1.0 1.0 7
1.0 0.46889486372303857 1.0 0.0 8
0.0 0.0 1.0 0.0 9
*** t = 46
1.8390073280339885 0.0 2.0 0.0 5
1.0 0.7665532669805798 1.0 1.0 7
1.0 0.3626738364676463 1.0 0.0 8
0.09789474175301249 0.0 1.0 0.0 9
*** t = 47
1.9588655177531296 0.0 2.0 0.0 5
1.0 0.8943121448106764 1.0 1.0 7
1.0 0.25645280921225405 1.0 0.0 8
0.19578948350602499 0.0 1.0 0.0 9
*** t = 48
1.0 0.1502317819568617 1.0 0.0 8
0.2936842252590375 0.0 1.0 0.0 9
2.0 0.0 1.0 0.0 10
*** t = 49
1.0 0.044010754701469354 1.0 0.0 8
0.39157896701204997 0.0 1.0 0.0 9
1.8291283812019268 0.0 1.0 0.0 10
