*** t = 0
*** t = 1
0.0 2.0 0.0 1.0 1
*** t = 2
0.0 1.9096202003302631 0.0 1.0 1
0.0 0.0 0.0 1.0 2
0.0 2.0 0.0 1.0 3
1.0 2.0 1.0 1.0 4
*** t = 3
0.0 1.819240400660526 0.0 1.0 1
0.0 0.10300065600386868 0.0 1.0 2
0.0 1.8416908750480494 0.0 1.0 3
1.0 1.8691849539234775 1.0 1.0 4
0.0 2.0 0.0 1.0 5
-1.0 1.0 0.0 1.0 6
1.0 0.0 1.0 1.0 7
2.0 1.0 1.0 1.0 8
*** t = 4
0.0 1.7288606009907892 0.0 1.0 1
0.0 0.20600131200773736 0.0 1.0 2
0.0 1.6833817500960988 0.0 1.0 3
1.0 1.7383699078469548 1.0 1.0 4
0.0 1.8618311760741042 0.0 1.0 5
-0.8289790307237622 1.0 0.0 1.0 6
1.0 0.10964337358961014 1.0 1.0 7
1.8947593877051687 1.0 1.0 1.0 8
0.0 0.0 0.0 1.0 9
0.0 2.0 0.0 1.0 10
1.0 2.0 1.0 1.0 11
*** t = 5
0.0 1.6384808013210523 0.0 1.0 1
0.0 0.30900196801160607 0.0 1.0 2
0.0 1.525072625144148 0.0 1.0 3
1.0 1.6075548617704323 1.0 1.0 4
0.0 1.7236623521482088 0.0 1.0 5
-0.6579580614475244 1.0 0.0 1.0 6
1.0 0.21928674717922028 1.0 1.0 7
1.7895187754103374 1.0 1.0 1.0 8
0.0 0.1751115503035767 0.0 1.0 9
0.0 1.847885628644773 0.0 1.0 10
1.0 1.9072607543085798 1.0 1.0 11
0.0 2.0 0.0 1.0 12
*** t = 6
0.0 1.5481010016513153 0.0 1.0 1
0.0 0.4120026240154747 0.0 1.0 2
0.0 1.3667635001921974 0.0 1.0 3
1.0 1.4767398156939096 1.0 1.0 4
0.0 1.585493528222313 0.0 1.0 5
-0.4869370921712868 1.0 0.0 1.0 6
1.0 0.32893012076883044 1.0 1.0 7
1.6842781631155064 1.0 1.0 1.0 8
0.0 0.3502231006071534 0.0 1.0 9
0.0 1.695771257289546 0.0 1.0 10
1.0 1.8145215086171596 1.0 1.0 11
0.0 1.8379766194580132 0.0 1.0 12
0.0 0.0 0.0 1.0 13
0.0 2.0 0.0 1.0 14
-1.0 1.0 0.0 1.0 15
1.0 0.0 1.0 1.0 16
1.0 2.0 1.0 1.0 17
2.0 1.0 1.0 1.0 18
*** t = 7
0.0 1.4577212019815784 0.0 1.0 1
0.0 0.5150032800193434 0.0 1.0 2
0.0 1.2084543752402466 0.0 1.0 3
1.0 1.345924769617387 1.0 1.0 4
0.0 1.4473247042964175 0.0 1.0 5
-0.3159161228950491 1.0 0.0 1.0 6
1.0 0.43857349435844056 1.0 1.0 7
1.579037550820675 1.0 1.0 1.0 8
0.0 0.5253346509107301 0.0 1.0 9
0.0 1.543656885934319 0.0 1.0 10
1.0 1.7217822629257393 1.0 1.0 11
0.0 1.6759532389160265 0.0 1.0 12
0.0 0.0981525703091558 0.0 1.0 13
0.0 1.9170374939997643 0.0 1.0 14
-0.8650119771582473 1.0 0.0 1.0 15
1.0 0.07465407238718108 1.0 1.0 16
1.0 1.8728951318941 1.0 1.0 17
1.8723454415023841 1.0 1.0 1.0 18
0.0 2.0 0.0 1.0 19
*** t = 8
0.0 1.3673414023118413 0.0 1.0 1
0.0 0.618003936023212 0.0 1.0 2
0.0 1.0501452502882958 0.0 1.0 3
1.0 1.2151097235408643 1.0 1.0 4
0.0 1.309155880370522 0.0 1.0 5
-0.14489515361881147 1.0 0.0 1.0 6
1.0 0.5482168679480507 1.0 1.0 7
1.473796938525844 1.0 1.0 1.0 8
0.0 0.7004462012143068 0.0 1.0 9
0.0 1.3915425145790916 0.0 1.0 10
1.0 1.629043017234319 1.0 1.0 11
0.0 1.5139298583740395 0.0 1.0 12
0.0 0.1963051406183116 0.0 1.0 13
0.0 1.8340749879995286 0.0 1.0 14
-0.7300239543164946 1.0 0.0 1.0 15
1.0 0.14930814477436216 1.0 1.0 16
1.0 1.7457902637882003 1.0 1.0 17
1.7446908830047678 1.0 1.0 1.0 18
0.0 1.853198801956912 0.0 1.0 19
0.0 0.0 0.0 1.0 20
0.0 2.0 0.0 1.0 21
1.0 2.0 1.0 1.0 22
*** t = 9
0.0 1.2769616026421042 0.0 1.0 1
0.0 0.7210045920270807 0.0 1.0 2
0.0 1.0 0.0 0.0 3
1.0 1.0842946774643416 1.0 1.0 4
0.0 1.1709870564446263 0.0 1.0 5
0.0 1.0 0.5 1.5 6
1.0 0.6578602415376609 1.0 1.0 7
1.3685563262310128 1.0 1.0 1.0 8
0.0 0.8755577515178835 0.0 1.0 9
0.0 1.2394281432238647 0.0 1.0 10
1.0 1.5363037715428987 1.0 1.0 11
0.0 1.3519064778320529 0.0 1.0 12
0.0 0.2944577109274674 0.0 1.0 13
0.0 1.751112481999293 0.0 1.0 14
-0.5950359314747419 1.0 0.0 1.0 15
1.0 0.22396221716154327 1.0 1.0 16
1.0 1.6186853956823004 1.0 1.0 17
1.617036324507152 1.0 1.0 1.0 18
0.0 1.706397603913824 0.0 1.0 19
0.0 0.11405956962390965 0.0 1.0 20
0.0 1.882516748331439 0.0 1.0 21
1.0 1.8575149674408218 1.0 1.0 22
0.0 2.0 0.0 1.0 23
-1.0 1.0 0.0 1.0 24
1.0 0.0 1.0 1.0 25
2.0 1.0 1.0 1.0 26
*** t = 10
0.0 1.1865818029723674 0.0 1.0 1
0.0 0.8240052480309494 0.0 1.0 2
0.0 0.8416908750480494 0.0 0.0 3
1.0 1.0 1.0 0.0 4
0.0 1.0328182325187307 0.0 1.0 5
0.1209300871003239 1.1209300871003238 0.5 1.5 6
1.0 0.767503615127271 1.0 1.0 7
1.2633157139361817 1.0 1.0 1.0 8
0.0 1.0 -1.0 1.0 9
0.0 1.0873137718686374 0.0 1.0 10
1.0 1.4435645258514784 1.0 1.0 11
0.0 1.1898830972900658 0.0 1.0 12
0.0 0.3926102812366232 0.0 1.0 13
0.0 1.6681499759990572 0.0 1.0 14
-0.46004790863298917 1.0 0.0 1.0 15
1.0 0.2986162895487243 1.0 1.0 16
1.0 1.4915805275764007 1.0 1.0 17
1.4893817660095359 1.0 1.0 1.0 18
0.0 1.559596405870736 0.0 1.0 19
0.0 0.2281191392478193 0.0 1.0 20
0.0 1.7650334966628773 0.0 1.0 21
1.0 1.7150299348816436 1.0 1.0 22
0.0 1.8728360434520497 0.0 1.0 23
-0.8865113426357403 1.0 0.0 1.0 24
1.0 0.1294338379908613 1.0 1.0 25
1.8877421022820373 1.0 1.0 1.0 26
0.0 0.0 0.0 1.0 27
0.0 2.0 0.0 1.0 28
1.0 2.0 1.0 1.0 29
*** t = 11
0.0 1.0962020033026305 0.0 1.0 1
0.0 0.927005904034818 0.0 1.0 2
0.0 0.6833817500960987 0.0 0.0 3
1.0 0.8691849539234774 1.0 0.0 4
0.0 1.0 0.5 1.5 5
0.2418601742006478 1.2418601742006479 0.5 1.5 6
1.0 0.8771469887168812 1.0 1.0 7
1.1580751016413506 1.0 1.0 1.0 8
-0.1751115503035767 1.0 -1.0 1.0 9
0.0 1.0 0.0 0.0 10
1.0 1.3508252801600582 1.0 1.0 11
0.0 1.0278597167480792 0.0 1.0 12
0.0 0.49076285154577903 0.0 1.0 13
0.0 1.5851874699988215 0.0 1.0 14
-0.3250598857912365 1.0 0.0 1.0 15
1.0 0.37327036193590535 1.0 1.0 16
1.0 1.3644756594705008 1.0 1.0 17
1.3617272075119198 1.0 1.0 1.0 18
0.0 1.4127952078276476 0.0 1.0 19
0.0 0.3421787088717289 0.0 1.0 20
0.0 1.6475502449943162 0.0 1.0 21
1.0 1.5725449023224654 1.0 1.0 22
0.0 1.7456720869040994 0.0 1.0 23
-0.7730226852714804 1.0 0.0 1.0 24
1.0 0.2588676759817226 1.0 1.0 25
1.7754842045640749 1.0 1.0 1.0 26
0.0 0.13009949767097578 0.0 1.0 27
0.0 1.8820217911922004 0.0 1.0 28
1.0 1.8631213948191774 1.0 1.0 29
0.0 2.0 0.0 1.0 30
*** t = 12
0.0 1.0058222036328934 0.0 1.0 1
0.0 1.0 -1.0 1.0 2
0.0 0.525072625144148 0.0 0.0 3
1.0 0.7383699078469548 1.0 0.0 4
0.09770011234657089 1.0977001123465708 0.5 1.5 5
0.3627902613009717 1.3627902613009717 0.5 1.5 6
1.0 0.9867903623064914 1.0 1.0 7
1.0528344893465194 1.0 1.0 1.0 8
-0.3502231006071534 1.0 -1.0 1.0 9
0.0 0.847885628644773 0.0 0.0 10
1.0 1.2580860344686382 1.0 1.0 11
0.0 1.0 0.5 1.5 12
0.0 0.5889154218549348 0.0 1.0 13
0.0 1.5022249639985858 0.0 1.0 14
-0.1900718629494837 1.0 0.0 1.0 15
1.0 0.44792443432308654 1.0 1.0 16
1.0 1.2373707913646006 1.0 1.0 17
1.2340726490143037 1.0 1.0 1.0 18
0.0 1.2659940097845597 0.0 1.0 19
0.0 0.4562382784956386 0.0 1.0 20
0.0 1.5300669933257547 0.0 1.0 21
1.0 1.430059869763287 1.0 1.0 22
0.0 1.6185081303561493 0.0 1.0 23
-0.6595340279072207 1.0 0.0 1.0 24
1.0 0.388301513972584 1.0 1.0 25
1.6632263068461126 1.0 1.0 1.0 26
0.0 0.26019899534195157 0.0 1.0 27
0.0 1.7640435823844007 0.0 1.0 28
1.0 1.7262427896383548 1.0 1.0 29
0.0 1.878066588119508 0.0 1.0 30
0.0 0.0 0.0 1.0 31
0.0 2.0 0.0 1.0 32
-1.0 1.0 0.0 1.0 33
1.0 0.0 1.0 1.0 34
1.0 2.0 1.0 1.0 35
2.0 1.0 1.0 1.0 36
*** t = 13
0.0 1.0 1.0 1.0 1
-0.10300065600386868 1.0 -1.0 1.0 2
0.0 0.3667635001921973 0.0 0.0 3
1.0 0.6075548617704322 1.0 0.0 4
0.19540022469314178 1.1954002246931419 0.5 1.5 5
0.4837203484012956 1.4837203484012957 0.5 1.5 6
1.0 1.0 0.0 1.0 7
1.0 1.0 1.0 0.0 8
-0.5253346509107301 1.0 -1.0 1.0 9
0.0 0.6957712572895458 0.0 0.0 10
1.0 1.165346788777218 1.0 1.0 11
0.11456783109200738 1.1145678310920075 0.5 1.5 12
0.0 0.6870679921640906 0.0 1.0 13
0.0 1.4192624579983504 0.0 1.0 14
-0.05508384010773099 1.0 0.0 1.0 15
1.0 0.5225785067102675 1.0 1.0 16
1.0 1.1102659232587007 1.0 1.0 17
1.1064180905166876 1.0 1.0 1.0 18
0.0 1.1191928117414713 0.0 1.0 19
0.0 0.5702978481195482 0.0 1.0 20
0.0 1.4125837416571934 0.0 1.0 21
1.0 1.2875748372041087 1.0 1.0 22
0.0 1.4913441738081987 0.0 1.0 23
-0.5460453705429608 1.0 0.0 1.0 24
1.0 0.5177353519634452 1.0 1.0 25
1.55096840912815 1.0 1.0 1.0 26
0.0 0.39029849301292735 0.0 1.0 27
0.0 1.6460653735766013 0.0 1.0 28
1.0 1.5893641844575326 1.0 1.0 29
0.0 1.756133176239016 0.0 1.0 30
0.0 0.14969423473262133 0.0 1.0 31
0.0 1.87001393038284 0.0 1.0 32
-0.83835339076108 1.0 0.0 1.0 33
1.0 0.12871131625834092 1.0 1.0 34
1.0 1.8606456741889843 1.0 1.0 35
1.9331568166600286 1.0 1.0 1.0 36
0.0 2.0 0.0 1.0 37
*** t = 14
0.09037979966973694 1.0 1.0 1.0 1
-0.20600131200773736 1.0 -1.0 1.0 2
0.0 0.2084543752402466 0.0 0.0 3
1.0 0.47673981569390955 1.0 0.0 4
0.29310033703971267 1.2931003370397127 0.5 1.5 5
0.5 1.5 1.0 1.0 6
0.8903566264103898 1.0 0.0 1.0 7
1.0 0.8947593877051687 1.0 0.0 8
-0.7004462012143068 1.0 -1.0 1.0 9
0.0 0.5436568859343188 0.0 0.0 10
1.0 1.0726075430857975 1.0 1.0 11
0.22913566218401477 1.2291356621840148 0.5 1.5 12
0.0 0.7852205624732465 0.0 1.0 13
0.0 1.3362999519981145 0.0 1.0 14
0.0 1.0 1.0 1.0 15
1.0 0.5972325790974486 1.0 1.0 16
1.0 1.0 1.0 0.0 17
1.0 1.0 0.0 1.0 18
0.0 1.0 1.0 1.0 19
0.0 0.6843574177434578 0.0 1.0 20
0.0 1.2951004899886323 0.0 1.0 21
1.0 1.1450898046449305 1.0 1.0 22
0.0 1.3641802172602484 0.0 1.0 23
-0.432556713178701 1.0 0.0 1.0 24
1.0 0.6471691899543065 1.0 1.0 25
1.4387105114101875 1.0 1.0 1.0 26
0.0 0.5203979906839031 0.0 1.0 27
0.0 1.5280871647688017 0.0 1.0 28
1.0 1.4524855792767095 1.0 1.0 29
0.0 1.634199764358524 0.0 1.0 30
0.0 0.29938846946524267 0.0 1.0 31
0.0 1.7400278607656796 0.0 1.0 32
-0.67670678152216 1.0 0.0 1.0 33
1.0 0.25742263251668185 1.0 1.0 34
1.0 1.7212913483779686 1.0 1.0 35
1.866313633320057 1.0 1.0 1.0 36
0.0 1.9063377178526133 0.0 1.0 37
0.0 0.0 0.0 1.0 38
0.0 2.0 0.0 1.0 39
1.0 2.0 1.0 1.0 40
*** t = 15
0.1807595993394739 1.0 1.0 1.0 1
-0.30900196801160607 1.0 -1.0 1.0 2
0.0 0.05014525028829581 0.0 0.0 3
1.0 0.345924769617387 1.0 0.0 4
0.39080044938628355 1.3908004493862836 0.5 1.5 5
0.6209300871003239 1.3790699128996762 1.0 1.0 6
0.7807132528207796 1.0 0.0 1.0 7
1.0 0.7895187754103375 1.0 0.0 8
-0.8755577515178835 1.0 -1.0 1.0 9
0.0 0.3915425145790918 0.0 0.0 10
1.0 1.0 0.0 1.0 11
0.3437034932760221 1.3437034932760221 0.5 1.5 12
0.0 0.8833731327824023 0.0 1.0 13
0.0 1.253337445997879 0.0 1.0 14
0.1349880228417527 1.0 1.0 1.0 15
1.0 0.6718866514846298 1.0 1.0 16
1.0 0.8728951318941002 1.0 0.0 17
0.8723454415023839 1.0 0.0 1.0 18
0.14680119804308808 1.0 1.0 1.0 19
0.0 0.7984169873673674 0.0 1.0 20
0.0 1.1776172383200707 0.0 1.0 21
1.0 1.0026047720857523 1.0 1.0 22
0.0 1.2370162607122983 0.0 1.0 23
-0.31906805581444103 1.0 0.0 1.0 24
1.0 0.7766030279451678 1.0 1.0 25
1.326452613692225 1.0 1.0 1.0 26
0.0 0.6504974883548789 0.0 1.0 27
0.0 1.410108955961002 0.0 1.0 28
1.0 1.3156069740958873 1.0 1.0 29
0.0 1.512266352478032 0.0 1.0 30
0.0 0.449082704197864 0.0 1.0 31
0.0 1.6100417911485194 0.0 1.0 32
-0.51506017228324 1.0 0.0 1.0 33
1.0 0.38613394877502283 1.0 1.0 34
1.0 1.5819370225669533 1.0 1.0 35
1.7994704499800855 1.0 1.0 1.0 36
0.0 1.8126754357052266 0.0 1.0 37
0.0 0.06279261065515702 0.0 1.0 38
0.0 1.8549344490868942 0.0 1.0 39
1.0 1.8970360133858026 1.0 1.0 40
0.0 2.0 0.0 1.0 41
-1.0 1.0 0.0 1.0 42
1.0 0.0 1.0 1.0 43
2.0 1.0 1.0 1.0 44
*** t = 16
0.2711393990092108 1.0 1.0 1.0 1
-0.4120026240154747 1.0 -1.0 1.0 2
1.0 0.21510972354086433 1.0 0.0 4
0.48850056173285444 1.4885005617328546 0.5 1.5 5
0.7418601742006479 1.2581398257993521 1.0 1.0 6
0.6710698792311695 1.0 0.0 1.0 7
1.0 0.6842781631155063 1.0 0.0 8
0.0 0.2394281432238647 0.0 0.0 10
0.9072607543085798 1.0 0.0 1.0 11
0.45827132436802953 1.4582713243680296 0.5 1.5 12
0.0 0.9815257030915581 0.0 1.0 13
0.0 1.1703749399976433 0.0 1.0 14
0.2699760456835054 1.0 1.0 1.0 15
1.0 0.7465407238718109 1.0 1.0 16
1.0 0.7457902637882003 1.0 0.0 17
0.7446908830047679 1.0 0.0 1.0 18
0.29360239608617617 1.0 1.0 1.0 19
0.0 0.912476556991277 0.0 1.0 20
0.0 1.0601339866515094 0.0 1.0 21
1.0 1.0 0.0 1.0 22
0.0 1.109852304164348 0.0 1.0 23
-0.20557939845018125 1.0 0.0 1.0 24
1.0 0.9060368659360291 1.0 1.0 25
1.2141947159742625 1.0 1.0 1.0 26
0.0 0.7805969860258546 0.0 1.0 27
0.0 1.2921307471532026 0.0 1.0 28
1.0 1.1787283689150645 1.0 1.0 29
0.0 1.3903329405975398 0.0 1.0 30
0.0 0.5987769389304853 0.0 1.0 31
0.0 1.4800557215313592 0.0 1.0 32
-0.35341356304432 1.0 0.0 1.0 33
1.0 0.5148452650333637 1.0 1.0 34
1.0 1.4425826967559376 1.0 1.0 35
1.7326272666401141 1.0 1.0 1.0 36
0.0 1.71901315355784 0.0 1.0 37
0.0 0.12558522131031405 0.0 1.0 38
0.0 1.7098688981737882 0.0 1.0 39
1.0 1.794072026771605 1.0 1.0 40
0.0 1.8815411866202814 0.0 1.0 41
-0.8832448978640999 1.0 0.0 1.0 42
1.0 0.15465711320368186 1.0 1.0 43
1.882561355009413 1.0 1.0 1.0 44
0.0 0.0 0.0 1.0 45
0.0 2.0 0.0 1.0 46
1.0 2.0 1.0 1.0 47
*** t = 17
0.3615191986789478 1.0 1.0 1.0 1
-0.5150032800193434 1.0 -1.0 1.0 2
1.0 0.0842946774643417 1.0 0.0 4
0.5 1.5 1.0 1.0 5
0.8627902613009718 1.1372097386990283 1.0 1.0 6
0.5614265056415594 1.0 0.0 1.0 7
1.0 0.5790375508206752 1.0 0.0 8
0.0 0.08731377186863754 0.0 0.0 10
0.8145215086171596 1.0 0.0 1.0 11
0.5 1.5 1.0 1.0 12
0.0 1.0 -1.0 1.0 13
0.0 1.0874124339974076 0.0 1.0 14
0.4049640685252582 1.0 1.0 1.0 15
1.0 0.821194796258992 1.0 1.0 16
1.0 0.6186853956823003 1.0 0.0 17
0.617036324507152 1.0 0.0 1.0 18
0.4404035941292642 1.0 1.0 1.0 19
0.0 1.0 1.0 1.0 20
0.0 1.0 -1.0 1.0 21
0.8575149674408218 1.0 0.0 1.0 22
0.0 1.0 -1.0 1.0 23
-0.09209074108592148 1.0 0.0 1.0 24
1.0 1.0 0.0 1.0 25
1.1019368182563 1.0 1.0 1.0 26
0.0 0.9106964836968303 0.0 1.0 27
0.0 1.1741525383454028 0.0 1.0 28
1.0 1.0418497637342419 1.0 1.0 29
0.0 1.2683995287170478 0.0 1.0 30
0.0 0.7484711736631067 0.0 1.0 31
0.0 1.350069651914199 0.0 1.0 32
-0.19176695380539982 1.0 0.0 1.0 33
1.0 0.6435565812917045 1.0 1.0 34
1.0 1.303228370944922 1.0 1.0 35
1.6657840833001425 1.0 1.0 1.0 36
0.0 1.6253508714104532 0.0 1.0 37
0.0 0.1883778319654711 0.0 1.0 38
0.0 1.5648033472606824 0.0 1.0 39
1.0 1.691108040157408 1.0 1.0 40
0.0 1.7630823732405632 0.0 1.0 41
-0.7664897957281996 1.0 0.0 1.0 42
1.0 0.3093142264073637 1.0 1.0 43
1.765122710018826 1.0 1.0 1.0 44
0.0 0.08666656754115952 0.0 1.0 45
0.0 1.9023680377511498 0.0 1.0 46
1.0 1.8758166593647343 1.0 1.0 47
0.0 2.0 0.0 1.0 48
*** t = 18
0.45189899834868474 1.0 1.0 1.0 1
-0.618003936023212 1.0 -1.0 1.0 2
0.5977001123465709 1.4022998876534292 1.0 1.0 5
0.9837203484012956 1.0162796515987045 1.0 1.0 6
0.4517831320519493 1.0 0.0 1.0 7
1.0 0.47379693852584404 1.0 0.0 8
0.7217822629257392 1.0 0.0 1.0 11
0.6145678310920074 1.3854321689079927 1.0 1.0 12
-0.0981525703091558 1.0 -1.0 1.0 13
0.0 1.004449927997172 0.0 1.0 14
0.5399520913670108 1.0 1.0 1.0 15
1.0 0.8958488686461732 1.0 1.0 16
1.0 0.4915805275764005 1.0 0.0 17
0.48938176600953587 1.0 0.0 1.0 18
0.5872047921723523 1.0 1.0 1.0 19
0.11405956962390965 1.0 1.0 1.0 20
-0.11748325166856131 1.0 -1.0 1.0 21
0.7150299348816435 1.0 0.0 1.0 22
-0.1271639565479503 1.0 -1.0 1.0 23
0.0 1.0 0.5 1.5 24
0.8705661620091386 1.0 0.0 1.0 25
1.0 1.0 0.5 1.5 26
0.0 1.0 -1.0 1.0 27
0.0 1.0561743295376032 0.0 1.0 28
1.0 1.0 1.0 0.0 29
0.0 1.1464661168365557 0.0 1.0 30
0.0 0.898165408395728 0.0 1.0 31
0.0 1.2200835822970388 0.0 1.0 32
-0.030120344566479815 1.0 0.0 1.0 33
1.0 0.7722678975500454 1.0 1.0 34
1.0 1.1638740451339065 1.0 1.0 35
1.598940899960171 1.0 1.0 1.0 36
0.0 1.5316885892630665 0.0 1.0 37
0.0 0.2511704426206281 0.0 1.0 38
0.0 1.4197377963475766 0.0 1.0 39
1.0 1.5881440535432105 1.0 1.0 40
0.0 1.6446235598608445 0.0 1.0 41
-0.6497346935922994 1.0 0.0 1.0 42
1.0 0.4639713396110456 1.0 1.0 43
1.6476840650282392 1.0 1.0 1.0 44
0.0 0.17333313508231904 0.0 1.0 45
0.0 1.8047360755022999 0.0 1.0 46
1.0 1.7516333187294686 1.0 1.0 47
0.0 1.848769046625514 0.0 1.0 48
0.0 0.0 0.0 1.0 49
0.0 2.0 0.0 1.0 50
-1.0 1.0 0.0 1.0 51
1.0 0.0 1.0 1.0 52
1.0 2.0 1.0 1.0 53
2.0 1.0 1.0 1.0 54
*** t = 19
0.5422787980184217 1.0 1.0 1.0 1
-0.7210045920270807 1.0 -1.0 1.0 2
0.6954002246931418 1.3045997753068581 1.0 1.0 5
1.0 1.0 0.0 1.0 6
0.34213975846233907 1.0 0.0 1.0 7
1.0 0.36855632623101287 1.0 0.0 8
0.629043017234319 1.0 0.0 1.0 11
0.7291356621840148 1.2708643378159852 1.0 1.0 12
-0.1963051406183116 1.0 -1.0 1.0 13
0.0 1.0 -1.0 1.0 14
0.6749401142087634 1.0 1.0 1.0 15
1.0 0.9705029410333543 1.0 1.0 16
1.0 0.36447565947050053 1.0 0.0 17
0.3617272075119197 1.0 0.0 1.0 18
0.7340059902154404 1.0 1.0 1.0 19
0.2281191392478193 1.0 1.0 1.0 20
-0.23496650333712263 1.0 -1.0 1.0 21
0.5725449023224651 1.0 0.0 1.0 22
-0.2543279130959006 1.0 -1.0 1.0 23
0.08024859921002472 1.0802485992100248 0.5 1.5 24
0.7411323240182773 1.0 0.0 1.0 25
0.9206216792818829 1.0793783207181171 0.5 1.5 26
-0.13009949767097578 1.0 -1.0 1.0 27
0.0 1.0 -1.0 1.0 28
1.0 0.8631213948191774 1.0 0.0 29
0.0 1.0245327049560637 0.0 1.0 30
0.0 1.0 0.0 2.0 31
0.0 1.0900975126798786 0.0 1.0 32
0.0 1.0 0.0 2.0 33
1.0 0.9009792138083863 1.0 1.0 34
1.0 1.0245197193228908 1.0 1.0 35
1.5320977166201992 1.0 1.0 1.0 36
0.0 1.4380263071156798 0.0 1.0 37
0.0 0.3139630532757851 0.0 1.0 38
0.0 1.2746722454344708 0.0 1.0 39
1.0 1.4851800669290132 1.0 1.0 40
0.0 1.526164746481126 0.0 1.0 41
-0.5329795914563992 1.0 0.0 1.0 42
1.0 0.6186284528147274 1.0 1.0 43
1.5302454200376523 1.0 1.0 1.0 44
0.0 0.25999970262347855 0.0 1.0 45
0.0 1.7071041132534497 0.0 1.0 46
1.0 1.6274499780942029 1.0 1.0 47
0.0 1.6975380932510276 0.0 1.0 48
0.0 0.10047611989545922 0.0 1.0 49
0.0 1.8875418329100295 0.0 1.0 50
-0.8810302218601294 1.0 0.0 1.0 51
1.0 0.10072644087575398 1.0 1.0 52
1.0 1.898710806528604 1.0 1.0 53
1.848060859875373 1.0 1.0 1.0 54
0.0 2.0 0.0 1.0 55
*** t = 20
0.6326585976881587 1.0 1.0 1.0 1
-0.8240052480309494 1.0 -1.0 1.0 2
0.7931003370397127 1.2068996629602873 1.0 1.0 5
0.8289790307237622 1.0 0.0 1.0 6
0.2324963848727289 1.0 0.0 1.0 7
1.0 0.26331571393618164 1.0 0.0 8
0.5363037715428988 1.0 0.0 1.0 11
0.8437034932760221 1.1562965067239779 1.0 1.0 12
-0.2944577109274674 1.0 -1.0 1.0 13
-0.08296250600023568 1.0 -1.0 1.0 14
0.8099281370505164 1.0 1.0 1.0 15
1.0 1.0 2.0 1.0 16
1.0 0.23737079136460054 1.0 0.0 17
0.23407264901430366 1.0 0.0 1.0 18
0.8808071882585286 1.0 1.0 1.0 19
0.3421787088717289 1.0 1.0 1.0 20
-0.35244975500568393 1.0 -1.0 1.0 21
0.4300598697632869 1.0 0.0 1.0 22
-0.3814918696438509 1.0 -1.0 1.0 23
0.16049719842004945 1.1604971984200494 0.5 1.5 24
0.611698486027416 1.0 0.0 1.0 25
0.8412433585637658 1.1587566414362342 0.5 1.5 26
-0.26019899534195157 1.0 -1.0 1.0 27
-0.11797820880779959 1.0 -1.0 1.0 28
1.0 0.7262427896383548 1.0 0.0 29
0.0 1.0 -1.0 1.0 30
0.0 1.1496942347326213 0.0 2.0 31
0.0 1.0 0.0 0.0 32
0.0 1.16164660923892 0.0 2.0 33
1.0 1.0 0.0 1.0 34
1.0 1.0 2.0 1.0 35
1.4652545332802278 1.0 1.0 1.0 36
0.0 1.344364024968293 0.0 1.0 37
0.0 0.3767556639309422 0.0 1.0 38
0.0 1.129606694521365 0.0 1.0 39
1.0 1.382216080314816 1.0 1.0 40
0.0 1.407705933101408 0.0 1.0 41
-0.41622448932049905 1.0 0.0 1.0 42
1.0 0.7732855660184093 1.0 1.0 43
1.4128067750470652 1.0 1.0 1.0 44
0.0 0.3466662701646381 0.0 1.0 45
0.0 1.6094721510045997 0.0 1.0 46
1.0 1.5032666374589372 1.0 1.0 47
0.0 1.5463071398765413 0.0 1.0 48
0.0 0.20095223979091845 0.0 1.0 49
0.0 1.7750836658200588 0.0 1.0 50
-0.7620604437202587 1.0 0.0 1.0 51
1.0 0.20145288175150797 1.0 1.0 52
1.0 1.7974216130572083 1.0 1.0 53
1.696121719750746 1.0 1.0 1.0 54
0.0 1.9094965877476773 0.0 1.0 55
0.0 0.0 0.0 1.0 56
0.0 2.0 0.0 1.0 57
1.0 2.0 1.0 1.0 58
*** t = 21
0.7230383973578957 1.0 1.0 1.0 1
-0.927005904034818 1.0 -1.0 1.0 2
0.8908004493862837 1.1091995506137164 1.0 1.0 5
0.6579580614475244 1.0 0.0 1.0 6
0.12285301128311872 1.0 0.0 1.0 7
1.0 0.15807510164135052 1.0 0.0 8
0.44356452585147854 1.0 0.0 1.0 11
0.9582713243680295 1.0417286756319704 1.0 1.0 12
-0.3926102812366232 1.0 -1.0 1.0 13
-0.16592501200047136 1.0 -1.0 1.0 14
0.944916159892269 1.0 1.0 1.0 15
1.0746540723871811 1.0 2.0 1.0 16
1.0 0.1102659232587007 1.0 0.0 17
0.10641809051668759 1.0 0.0 1.0 18
1.0 1.0 1.0 2.0 19
0.4562382784956386 1.0 1.0 1.0 20
-0.46993300667424526 1.0 -1.0 1.0 21
0.28757483720410876 1.0 0.0 1.0 22
-0.5086558261918012 1.0 -1.0 1.0 23
0.24074579763007417 1.2407457976300742 0.5 1.5 24
0.4822646480365547 1.0 0.0 1.0 25
0.7618650378456485 1.2381349621543516 0.5 1.5 26
-0.39029849301292735 1.0 -1.0 1.0 27
-0.23595641761559918 1.0 -1.0 1.0 28
1.0 0.5893641844575324 1.0 0.0 29
-0.12193341188049205 1.0 -1.0 1.0 30
0.0 1.299388469465243 0.0 2.0 31
0.0 0.8700139303828398 0.0 0.0 32
0.0 1.32329321847784 0.0 2.0 33
0.871288683741659 1.0 0.0 1.0 34
1.1393543258110157 1.0 2.0 1.0 35
1.3984113499402566 1.0 1.0 1.0 36
0.0 1.2507017428209064 0.0 1.0 37
0.0 0.43954827458609913 0.0 1.0 38
0.0 1.0 0.5 1.5 39
1.0 1.2792520937006184 1.0 1.0 40
0.0 1.2892471197216893 0.0 1.0 41
-0.29946938718459876 1.0 0.0 1.0 42
1.0 0.9279426792220911 1.0 1.0 43
1.295368130056478 1.0 1.0 1.0 44
0.0 0.4333328377057976 0.0 1.0 45
0.0 1.5118401887557495 0.0 1.0 46
1.0 1.3790832968236715 1.0 1.0 47
0.0 1.3950761865020553 0.0 1.0 48
0.0 0.30142835968637766 0.0 1.0 49
0.0 1.6626254987300881 0.0 1.0 50
-0.6430906655803881 1.0 0.0 1.0 51
1.0 0.30217932262726194 1.0 1.0 52
1.0 1.6961324195858123 1.0 1.0 53
1.5441825796261188 1.0 1.0 1.0 54
0.0 1.8189931754953548 0.0 1.0 55
0.0 0.11427120452062747 0.0 1.0 56
0.0 1.8485958045071558 0.0 1.0 57
1.0 1.9283052943091645 1.0 1.0 58
0.0 2.0 0.0 1.0 59
-1.0 1.0 0.0 1.0 60
1.0 0.0 1.0 1.0 61
2.0 1.0 1.0 1.0 62
*** t = 22
0.8134181970276326 1.0 1.0 1.0 1
0.9885005617328545 1.0114994382671454 1.0 1.0 5
0.4869370921712868 1.0 0.0 1.0 6
0.01320963769350854 1.0 0.0 1.0 7
1.0 0.05283448934651929 1.0 0.0 8
0.3508252801600584 1.0 0.0 1.0 11
1.0 1.0 1.0 0.0 12
-0.49076285154577903 1.0 -1.0 1.0 13
-0.248887518000707 1.0 -1.0 1.0 14
1.0 1.0 2.0 1.0 15
1.149308144774362 1.0 2.0 1.0 16
0.0 1.0 0.0 0.0 18
1.0 1.146801198043088 1.0 2.0 19
0.5702978481195482 1.0 1.0 1.0 20
-0.5874162583428065 1.0 -1.0 1.0 21
0.1450898046449305 1.0 0.0 1.0 22
-0.6358197827397515 1.0 -1.0 1.0 23
0.3209943968400989 1.320994396840099 0.5 1.5 24
0.35283081004569355 1.0 0.0 1.0 25
0.6824867171275314 1.3175132828724685 0.5 1.5 26
-0.5203979906839031 1.0 -1.0 1.0 27
-0.3539346264233988 1.0 -1.0 1.0 28
1.0 0.45248557927670974 1.0 0.0 29
-0.2438668237609841 1.0 -1.0 1.0 30
0.0 1.449082704197864 0.0 2.0 31
0.0 0.7400278607656796 0.0 0.0 32
0.0 1.48493982771676 0.0 2.0 33
0.742577367483318 1.0 0.0 1.0 34
1.2787086516220312 1.0 2.0 1.0 35
1.3315681666002848 1.0 1.0 1.0 36
0.0 1.1570394606735197 0.0 1.0 37
0.0 0.5023408852412562 0.0 1.0 38
0.10257683476721952 1.1025768347672196 0.5 1.5 39
1.0 1.176288107086421 1.0 1.0 40
0.0 1.1707883063419708 0.0 1.0 41
-0.1827142850486986 1.0 0.0 1.0 42
1.0 1.0 2.0 1.0 43
1.1779294850658912 1.0 1.0 1.0 44
0.0 0.5199994052469571 0.0 1.0 45
0.0 1.4142082265068996 0.0 1.0 46
1.0 1.2548999561884058 1.0 1.0 47
0.0 1.2438452331275691 0.0 1.0 48
0.0 0.4019044795818369 0.0 1.0 49
0.0 1.5501673316401179 0.0 1.0 50
-0.5241208874405175 1.0 0.0 1.0 51
1.0 0.40290576350301593 1.0 1.0 52
1.0 1.5948432261144165 1.0 1.0 53
1.3922434395014918 1.0 1.0 1.0 54
0.0 1.7284897632430323 0.0 1.0 55
0.0 0.22854240904125495 0.0 1.0 56
0.0 1.6971916090143118 0.0 1.0 57
1.0 1.8566105886183288 1.0 1.0 58
0.0 1.922724861562314 0.0 1.0 59
-0.8896784271624741 1.0 0.0 1.0 60
1.0 0.10534329323341853 1.0 1.0 61
1.8229273517835998 1.0 1.0 1.0 62
0.0 0.0 0.0 1.0 63
0.0 2.0 0.0 1.0 64
1.0 2.0 1.0 1.0 65
*** t = 23
0.9037979966973695 1.0 1.0 1.0 1
1.0 1.0 2.0 1.0 5
0.3159161228950491 1.0 0.0 1.0 6
0.0 1.0 0.0 2.0 7
0.25808603446863815 1.0 0.0 1.0 11
1.0 0.8379766194580133 1.0 0.0 12
-0.5889154218549348 1.0 -1.0 1.0 13
-0.3318500240009427 1.0 -1.0 1.0 14
1.1349880228417526 1.0 2.0 1.0 15
1.2239622171615432 1.0 2.0 1.0 16
0.0 0.8723454415023839 0.0 0.0 18
1.0 1.293602396086176 1.0 2.0 19
0.6843574177434578 1.0 1.0 1.0 20
-0.7048995100113679 1.0 -1.0 1.0 21
0.002604772085752245 1.0 0.0 1.0 22
-0.7629837392877018 1.0 -1.0 1.0 23
0.4012429960501236 1.4012429960501236 0.5 1.5 24
0.2233969720548322 1.0 0.0 1.0 25
0.6031083964094143 1.3968916035905858 0.5 1.5 26
-0.6504974883548789 1.0 -1.0 1.0 27
-0.47191283523119837 1.0 -1.0 1.0 28
1.0 0.3156069740958871 1.0 0.0 29
-0.36580023564147607 1.0 -1.0 1.0 30
0.0 1.5987769389304853 0.0 2.0 31
0.0 0.6100417911485194 0.0 0.0 32
0.0 1.64658643695568 0.0 2.0 33
0.6138660512249772 1.0 0.0 1.0 34
1.4180629774330467 1.0 2.0 1.0 35
1.2647249832603134 1.0 1.0 1.0 36
0.0 1.063377178526133 0.0 1.0 37
0.0 0.5651334958964133 0.0 1.0 38
0.20515366953443903 1.205153669534439 0.5 1.5 39
1.0 1.0733241204722237 1.0 1.0 40
0.0 1.0523294929622524 0.0 1.0 41
-0.0659591829127983 1.0 0.0 1.0 42
1.1546571132036818 1.0 2.0 1.0 43
1.0604908400753041 1.0 1.0 1.0 44
0.0 0.6066659727881166 0.0 1.0 45
0.0 1.3165762642580494 0.0 1.0 46
1.0 1.1307166155531398 1.0 1.0 47
0.0 1.092614279753083 0.0 1.0 48
0.0 0.5023805994772961 0.0 1.0 49
0.0 1.4377091645501474 0.0 1.0 50
-0.40515110930064696 1.0 0.0 1.0 51
1.0 0.5036322043787699 1.0 1.0 52
1.0 1.4935540326430206 1.0 1.0 53
1.2403042993768647 1.0 1.0 1.0 54
0.0 1.6379863509907095 0.0 1.0 55
0.0 0.34281361356188245 0.0 1.0 56
0.0 1.5457874135214675 0.0 1.0 57
1.0 1.784915882927493 1.0 1.0 58
0.0 1.845449723124628 0.0 1.0 59
-0.7793568543249484 1.0 0.0 1.0 60
1.0 0.21068658646683705 1.0 1.0 61
1.6458547035671995 1.0 1.0 1.0 62
0.0 0.1170459426379328 0.0 1.0 63
0.0 1.9323674410734801 0.0 1.0 64
1.0 1.8472708301353429 1.0 1.0 65
0.0 2.0 0.0 1.0 66
*** t = 24
0.9941777963671066 1.0 1.0 1.0 1
1.1381688239258956 1.0 2.0 1.0 5
0.14489515361881147 1.0 0.0 1.0 6
0.0 1.10964337358961 0.0 2.0 7
0.16534678877721787 1.0 0.0 1.0 11
1.0 0.6759532389160264 1.0 0.0 12
-0.6870679921640906 1.0 -1.0 1.0 13
-0.4148125300011784 1.0 -1.0 1.0 14
1.2699760456835054 1.0 2.0 1.0 15
1.2986162895487243 1.0 2.0 1.0 16
0.0 0.7446908830047679 0.0 0.0 18
1.0 1.440403594129264 1.0 2.0 19
0.7984169873673674 1.0 1.0 1.0 20
-0.8223827616799292 1.0 -1.0 1.0 21
0.0 1.0 0.5 1.5 22
-0.8901476958356521 1.0 -1.0 1.0 23
0.4814915952601483 1.4814915952601484 0.5 1.5 24
0.09396313406397098 1.0 0.0 1.0 25
0.5237300756912971 1.476269924308703 0.5 1.5 26
-0.7805969860258546 1.0 -1.0 1.0 27
-0.589891044038998 1.0 -1.0 1.0 28
1.0 0.17872836891506452 1.0 0.0 29
-0.4877336475219682 1.0 -1.0 1.0 30
0.0 1.7484711736631067 0.0 2.0 31
0.0 0.4800557215313592 0.0 0.0 32
0.0 1.8082330461946003 0.0 2.0 33
0.4851547349666363 1.0 0.0 1.0 34
1.5574173032440624 1.0 2.0 1.0 35
1.197881799920342 1.0 1.0 1.0 36
0.0 1.0 0.0 0.0 37
0.0 0.6279261065515703 0.0 1.0 38
0.30773050430165855 1.3077305043016585 0.5 1.5 39
1.0 1.0 2.0 1.0 40
0.0 1.0 0.5 1.5 41
0.0 1.0 0.5 1.5 42
1.3093142264073636 1.0 2.0 1.0 43
1.0 1.0 0.0 1.0 44
0.0 0.6933325403292762 0.0 1.0 45
0.0 1.2189443020091995 0.0 1.0 46
1.0 1.0065332749178741 1.0 1.0 47
0.0 1.0 -1.0 1.0 48
0.0 0.6028567193727553 0.0 1.0 49
0.0 1.3252509974601767 0.0 1.0 50
-0.2861813311607763 1.0 0.0 1.0 51
1.0 0.6043586452545239 1.0 1.0 52
1.0 1.3922648391716246 1.0 1.0 53
1.0883651592522376 1.0 1.0 1.0 54
0.0 1.5474829387383868 0.0 1.0 55
0.0 0.4570848180825099 0.0 1.0 56
0.0 1.3943832180286233 0.0 1.0 57
1.0 1.7132211772366575 1.0 1.0 58
0.0 1.768174584686942 0.0 1.0 59
-0.6690352814874225 1.0 0.0 1.0 60
1.0 0.3160298797002556 1.0 1.0 61
1.4687820553507993 1.0 1.0 1.0 62
0.0 0.2340918852758656 0.0 1.0 63
0.0 1.8647348821469607 0.0 1.0 64
1.0 1.694541660270686 1.0 1.0 65
0.0 1.882761085981178 0.0 1.0 66
0.0 0.0 0.0 1.0 67
0.0 2.0 0.0 1.0 68
-1.0 1.0 0.0 1.0 69
1.0 0.0 1.0 1.0 70
1.0 2.0 1.0 1.0 71
2.0 1.0 1.0 1.0 72
*** t = 25
1.0 1.0 1.0 0.0 1
1.2763376478517912 1.0 2.0 1.0 5
0.0 1.0 -1.0 1.0 6
0.0 1.2192867471792204 0.0 2.0 7
0.07260754308579763 1.0 0.0 1.0 11
1.0 0.5139298583740396 1.0 0.0 12
-0.7852205624732465 1.0 -1.0 1.0 13
-0.4977750360014141 1.0 -1.0 1.0 14
1.404964068525258 1.0 2.0 1.0 15
1.3732703619359055 1.0 2.0 1.0 16
0.0 0.617036324507152 0.0 0.0 18
1.0 1.5872047921723524 1.0 2.0 19
0.912476556991277 1.0 1.0 1.0 20
-0.9398660133484905 1.0 -1.0 1.0 21
0.10075213274018097 1.100752132740181 0.5 1.5 22
0.5 1.5 1.0 1.0 24
0.0 1.0 0.5 1.5 25
0.5 1.5 0.0 1.0 26
-0.9106964836968303 1.0 -1.0 1.0 27
-0.7078692528467976 1.0 -1.0 1.0 28
1.0 0.041849763734241915 1.0 0.0 29
-0.6096670594024602 1.0 -1.0 1.0 30
0.0 1.8981654083957278 0.0 2.0 31
0.0 0.3500696519141991 0.0 0.0 32
0.0 1.96987965543352 0.0 2.0 33
0.3564434187082955 1.0 0.0 1.0 34
1.696771629055078 1.0 2.0 1.0 35
1.1310386165803703 1.0 1.0 1.0 36
0.0 0.9063377178526133 0.0 0.0 37
0.0 0.6907187172067275 0.0 1.0 38
0.41030733906887806 1.410307339068878 0.5 1.5 39
1.1029639866141974 1.0 2.0 1.0 40
0.08376303023211067 1.0837630302321106 0.5 1.5 41
0.08255832445842298 1.082558324458423 0.5 1.5 42
1.4639713396110454 1.0 2.0 1.0 43
0.882561355009413 1.0 0.0 1.0 44
0.0 0.7799991078704358 0.0 1.0 45
0.0 1.1213123397603493 0.0 1.0 46
1.0 1.0 2.0 1.0 47
-0.15123095337448617 1.0 -1.0 1.0 48
0.0 0.7033328392682145 0.0 1.0 49
0.0 1.2127928303702062 0.0 1.0 50
-0.16721155302090565 1.0 0.0 1.0 51
1.0 0.7050850861302779 1.0 1.0 52
1.0 1.2909756457002288 1.0 1.0 53
1.0 1.0 0.0 1.0 54
0.0 1.4569795264860645 0.0 1.0 55
0.0 0.5713560226031373 0.0 1.0 56
0.0 1.2429790225357793 0.0 1.0 57
1.0 1.6415264715458218 1.0 1.0 58
0.0 1.6908994462492564 0.0 1.0 59
-0.5587137086498969 1.0 0.0 1.0 60
1.0 0.4213731729336741 1.0 1.0 61
1.291709407134399 1.0 1.0 1.0 62
0.0 0.3511378279137985 0.0 1.0 63
0.0 1.7971023232204408 0.0 1.0 64
1.0 1.5418124904060289 1.0 1.0 65
0.0 1.7655221719623564 0.0 1.0 66
0.0 0.07249938990728752 0.0 1.0 67
0.0 1.8676105556814449 0.0 1.0 68
-0.8700595566109688 1.0 0.0 1.0 69
1.0 0.12873594898503046 1.0 1.0 70
1.0 1.8841963932203658 1.0 1.0 71
1.8797424055835268 1.0 1.0 1.0 72
0.0 2.0 0.0 1.0 73
*** t = 26
1.0 0.909620200330263 1.0 0.0 1
1.414506471777687 1.0 2.0 1.0 5
-0.17102096927623772 1.0 -1.0 1.0 6
0.0 1.3289301207688304 0.0 2.0 7
0.0 1.0 0.5 1.5 11
1.0 0.3519064778320528 1.0 0.0 12
-0.8833731327824023 1.0 -1.0 1.0 13
-0.5807375420016497 1.0 -1.0 1.0 14
1.5399520913670108 1.0 2.0 1.0 15
1.4479244343230866 1.0 2.0 1.0 16
0.0 0.48938176600953587 0.0 0.0 18
1.0 1.7340059902154406 1.0 2.0 19
1.0 1.0 2.0 1.0 20
0.20150426548036193 1.201504265480362 0.5 1.5 22
0.5802485992100247 1.4197514007899752 1.0 1.0 24
0.091523544558339 1.091523544558339 0.5 1.5 25
0.4206216792818829 1.4206216792818827 0.0 1.0 26
-0.8258474616545972 1.0 -1.0 1.0 28
-0.7316004712829521 1.0 -1.0 1.0 30
0.0 0.22008358229703887 0.0 0.0 32
0.22773210244995454 1.0 0.0 1.0 34
1.8361259548660933 1.0 2.0 1.0 35
1.064195433240399 1.0 1.0 1.0 36
0.0 0.8126754357052266 0.0 0.0 37
0.0 0.7535113278618845 0.0 1.0 38
0.5 1.5 1.0 1.0 39
1.2059279732283947 1.0 2.0 1.0 40
0.16752606046422133 1.1675260604642212 0.5 1.5 41
0.16511664891684597 1.165116648916846 0.5 1.5 42
1.6186284528147274 1.0 2.0 1.0 43
0.7651227100188261 1.0 0.0 1.0 44
0.0 0.8666656754115952 0.0 1.0 45
0.0 1.0236803775114993 0.0 1.0 46
1.1241833406352657 1.0 2.0 1.0 47
-0.30246190674897233 1.0 -1.0 1.0 48
0.0 0.8038089591636738 0.0 1.0 49
0.0 1.1003346632802355 0.0 1.0 50
-0.04824177488103501 1.0 0.0 1.0 51
1.0 0.8058115270060319 1.0 1.0 52
1.0 1.189686452228833 1.0 1.0 53
0.848060859875373 1.0 0.0 1.0 54
0.0 1.3664761142337418 0.0 1.0 55
0.0 0.6856272271237649 0.0 1.0 56
0.0 1.091574827042935 0.0 1.0 57
1.0 1.569831765854986 1.0 1.0 58
0.0 1.6136243078115704 0.0 1.0 59
-0.44839213581237103 1.0 0.0 1.0 60
1.0 0.5267164661670927 1.0 1.0 61
1.1146367589179988 1.0 1.0 1.0 62
0.0 0.4681837705517312 0.0 1.0 63
0.0 1.7294697642939212 0.0 1.0 64
1.0 1.389083320541372 1.0 1.0 65
0.0 1.6482832579435343 0.0 1.0 66
0.0 0.14499877981457504 0.0 1.0 67
0.0 1.73522111136289 0.0 1.0 68
-0.7401191132219377 1.0 0.0 1.0 69
1.0 0.2574718979700609 1.0 1.0 70
1.0 1.7683927864407318 1.0 1.0 71
1.7594848111670536 1.0 1.0 1.0 72
0.0 1.88538168155544 0.0 1.0 73
0.0 0.0 0.0 1.0 74
0.0 2.0 0.0 1.0 75
1.0 2.0 1.0 1.0 76
*** t = 27
1.0 0.8192404006605262 1.0 0.0 1
1.5526752957035825 1.0 2.0 1.0 5
-0.34204193855247544 1.0 -1.0 1.0 6
0.0 1.4385734943584407 0.0 2.0 7
0.06557654951052856 1.0655765495105285 0.5 1.5 11
1.0 0.1898830972900659 1.0 0.0 12
-0.9815257030915581 1.0 -1.0 1.0 13
-0.6637000480018854 1.0 -1.0 1.0 14
1.6749401142087634 1.0 2.0 1.0 15
1.5225785067102675 1.0 2.0 1.0 16
0.0 0.3617272075119197 0.0 0.0 18
1.0 1.8808071882585284 1.0 2.0 19
1.1140595696239095 1.0 2.0 1.0 20
0.3022563982205429 1.3022563982205428 0.5 1.5 22
0.6604971984200495 1.3395028015799506 1.0 1.0 24
0.183047089116678 1.183047089116678 0.5 1.5 25
0.3412433585637657 1.3412433585637658 0.0 1.0 26
-0.9438256704623968 1.0 -1.0 1.0 28
-0.8535338831634443 1.0 -1.0 1.0 30
0.0 0.09009751267987866 0.0 0.0 32
0.09902078619161372 1.0 0.0 1.0 34
1.975480280677109 1.0 2.0 1.0 35
1.0 1.0 1.0 0.0 36
0.0 0.7190131535578398 0.0 0.0 37
0.0 0.8163039385170415 0.0 1.0 38
0.6025768347672195 1.3974231652327804 1.0 1.0 39
1.308891959842592 1.0 2.0 1.0 40
0.251289090696332 1.2512890906963319 0.5 1.5 41
0.24767497337526895 1.247674973375269 0.5 1.5 42
1.7732855660184095 1.0 2.0 1.0 43
0.6476840650282392 1.0 0.0 1.0 44
0.0 0.9533322429527548 0.0 1.0 45
0.0 1.0 0.0 0.0 46
1.2483666812705314 1.0 2.0 1.0 47
-0.45369286012345855 1.0 -1.0 1.0 48
0.0 0.904285079059133 0.0 1.0 49
0.0 1.0 0.0 0.0 50
0.0 1.0 1.0 1.0 51
1.0 0.9065379678817859 1.0 1.0 52
1.0 1.088397258757437 1.0 1.0 53
0.6961217197507459 1.0 0.0 1.0 54
0.0 1.2759727019814193 0.0 1.0 55
0.0 0.7998984316443922 0.0 1.0 56
0.0 1.0 0.0 0.0 57
1.0 1.4981370601641504 1.0 1.0 58
0.0 1.5363491693738842 0.0 1.0 59
-0.3380705629748452 1.0 0.0 1.0 60
1.0 0.6320597594005112 1.0 1.0 61
1.0 1.0 1.0 0.0 62
0.0 0.585229713189664 0.0 1.0 63
0.0 1.6618372053674013 0.0 1.0 64
1.0 1.2363541506767148 1.0 1.0 65
0.0 1.5310443439247123 0.0 1.0 66
0.0 0.21749816972186256 0.0 1.0 67
0.0 1.6028316670443348 0.0 1.0 68
-0.6101786698329065 1.0 0.0 1.0 69
1.0 0.38620784695509136 1.0 1.0 70
1.0 1.6525891796610974 1.0 1.0 71
1.6392272167505806 1.0 1.0 1.0 72
0.0 1.7707633631108806 0.0 1.0 73
0.0 0.18352227051551215 0.0 1.0 74
0.0 1.839418764881736 0.0 1.0 75
1.0 1.8044666158014093 1.0 1.0 76
0.0 2.0 0.0 1.0 77
-1.0 1.0 0.0 1.0 78
1.0 0.0 1.0 1.0 79
2.0 1.0 1.0 1.0 80
*** t = 28
1.0 0.7288606009907892 1.0 0.0 1
1.690844119629478 1.0 2.0 1.0 5
-0.5130629078287132 1.0 -1.0 1.0 6
0.0 1.5482168679480506 0.0 2.0 7
0.13115309902105712 1.131153099021057 0.5 1.5 11
1.0 0.02785971674807911 1.0 0.0 12
-0.7466625540021211 1.0 -1.0 1.0 14
1.8099281370505163 1.0 2.0 1.0 15
1.5972325790974486 1.0 2.0 1.0 16
0.0 0.23407264901430366 0.0 0.0 18
1.2281191392478192 1.0 2.0 1.0 20
0.40300853096072387 1.4030085309607239 0.5 1.5 22
0.7407457976300742 1.2592542023699258 1.0 1.0 24
0.274570633675017 1.274570633675017 0.5 1.5 25
0.2618650378456486 1.2618650378456484 0.0 1.0 26
-0.9754672950439363 1.0 -1.0 1.0 30
0.0 1.0 0.5 1.5 34
1.0 0.9331568166600285 1.0 0.0 36
0.0 0.6253508714104531 0.0 0.0 37
0.0 0.8790965491721985 0.0 1.0 38
0.705153669534439 1.294846330465561 1.0 1.0 39
1.4118559464567895 1.0 2.0 1.0 40
0.33505212092844266 1.3350521209284425 0.5 1.5 41
0.33023329783369193 1.3302332978336922 0.5 1.5 42
1.9279426792220908 1.0 2.0 1.0 43
0.5302454200376522 1.0 0.0 1.0 44
0.0 1.0 1.0 1.0 45
0.0 0.9023680377511499 0.0 0.0 46
1.3725500219057971 1.0 2.0 1.0 47
-0.6049238134979447 1.0 -1.0 1.0 48
0.0 1.0 1.0 1.0 49
0.0 0.8875418329100294 0.0 0.0 50
0.11896977813987063 1.0 1.0 1.0 51
1.0 1.0 0.0 1.0 52
1.0 1.0 2.0 1.0 53
0.5441825796261188 1.0 0.0 1.0 54
0.0 1.1854692897290966 0.0 1.0 55
0.0 0.9141696361650198 0.0 1.0 56
0.0 0.8485958045071559 0.0 0.0 57
1.0 1.426442354473315 1.0 1.0 58
0.0 1.4590740309361985 0.0 1.0 59
-0.22774899013731953 1.0 0.0 1.0 60
1.0 0.7374030526339297 1.0 1.0 61
1.0 0.8229273517835998 1.0 0.0 62
0.0 0.7022756558275968 0.0 1.0 63
0.0 1.594204646440882 0.0 1.0 64
1.0 1.083624980812058 1.0 1.0 65
0.0 1.4138054299058904 0.0 1.0 66
0.0 0.2899975596291501 0.0 1.0 67
0.0 1.47044222272578 0.0 1.0 68
-0.4802382264438753 1.0 0.0 1.0 69
1.0 0.5149437959401219 1.0 1.0 70
1.0 1.5367855728814632 1.0 1.0 71
1.5189696223341074 1.0 1.0 1.0 72
0.0 1.6561450446663206 0.0 1.0 73
0.0 0.3670445410310243 0.0 1.0 74
0.0 1.678837529763472 0.0 1.0 75
1.0 1.6089332316028182 1.0 1.0 76
0.0 1.860603572981363 0.0 1.0 77
-0.9270549650656511 1.0 0.0 1.0 78
1.0 0.0985048891919581 1.0 1.0 79
1.896684396083729 1.0 1.0 1.0 80
0.0 0.0 0.0 1.0 81
0.0 2.0 0.0 1.0 82
1.0 2.0 1.0 1.0 83
*** t = 29
1.0 0.6384808013210522 1.0 0.0 1
1.8290129435553737 1.0 2.0 1.0 5
-0.6840838771049509 1.0 -1.0 1.0 6
0.0 1.657860241537661 0.0 2.0 7
0.19672964853158567 1.1967296485315857 0.5 1.5 11
-0.8296250600023568 1.0 -1.0 1.0 14
1.9449161598922688 1.0 2.0 1.0 15
1.6718866514846298 1.0 2.0 1.0 16
0.0 0.10641809051668759 0.0 0.0 18
1.342178708871729 1.0 2.0 1.0 20
0.5 1.5 1.0 1.0 22
0.8209943968400989 1.179005603159901 1.0 1.0 24
0.366094178233356 1.366094178233356 0.5 1.5 25
0.1824867171275314 1.1824867171275313 0.0 1.0 26
0.09101264454171919 1.0910126445417192 0.5 1.5 34
1.0 0.8663136333200571 1.0 0.0 36
0.0 0.5316885892630664 0.0 0.0 37
0.0 0.9418891598273557 0.0 1.0 38
0.8077305043016585 1.1922694956983415 1.0 1.0 39
1.5148199330709868 1.0 2.0 1.0 40
0.41881515116055335 1.4188151511605533 0.5 1.5 41
0.4127916222921149 1.4127916222921149 0.5 1.5 42
0.4128067750470652 1.0 0.0 1.0 44
0.08666656754115952 1.0 1.0 1.0 45
0.0 0.8047360755022999 0.0 0.0 46
1.4967333625410628 1.0 2.0 1.0 47
-0.7561547668724309 1.0 -1.0 1.0 48
0.10047611989545922 1.0 1.0 1.0 49
0.0 0.7750836658200589 0.0 0.0 50
0.23793955627974125 1.0 1.0 1.0 51
0.899273559124246 1.0 0.0 1.0 52
1.1012891934713958 1.0 2.0 1.0 53
0.39224343950149176 1.0 0.0 1.0 54
0.0 1.0949658774767739 0.0 1.0 55
0.0 1.0 -1.0 1.0 56
0.0 0.6971916090143117 0.0 0.0 57
1.0 1.3547476487824792 1.0 1.0 58
0.0 1.3817988924985125 0.0 1.0 59
-0.11742741729979372 1.0 0.0 1.0 60
1.0 0.8427463458673482 1.0 1.0 61
1.0 0.6458547035671995 1.0 0.0 62
0.0 0.8193215984655295 0.0 1.0 63
0.0 1.526572087514362 0.0 1.0 64
1.0 1.0 1.0 0.0 65
0.0 1.2965665158870683 0.0 1.0 66
0.0 0.36249694953643763 0.0 1.0 67
0.0 1.338052778407225 0.0 1.0 68
-0.350297783054844 1.0 0.0 1.0 69
1.0 0.6436797449251523 1.0 1.0 70
1.0 1.4209819661018293 1.0 1.0 71
1.3987120279176342 1.0 1.0 1.0 72
0.0 1.541526726221761 0.0 1.0 73
0.0 0.5505668115465364 0.0 1.0 74
0.0 1.518256294645208 0.0 1.0 75
1.0 1.4133998474042275 1.0 1.0 76
0.0 1.7212071459627256 0.0 1.0 77
-0.8541099301313021 1.0 0.0 1.0 78
1.0 0.1970097783839162 1.0 1.0 79
1.7933687921674575 1.0 1.0 1.0 80
0.0 0.11114338217083812 0.0 1.0 81
0.0 1.8874332090143915 0.0 1.0 82
1.0 1.916369433562777 1.0 1.0 83
0.0 2.0 0.0 1.0 84
*** t = 30
1.0 0.5481010016513153 1.0 0.0 1
1.9671817674812693 1.0 2.0 1.0 5
-0.8551048463811886 1.0 -1.0 1.0 6
0.0 1.7675036151272712 0.0 2.0 7
0.26230619804211425 1.2623061980421142 0.5 1.5 11
-0.9125875660025925 1.0 -1.0 1.0 14
1.746540723871811 1.0 2.0 1.0 16
1.4562382784956387 1.0 2.0 1.0 20
0.600752132740181 1.399247867259819 1.0 1.0 22
0.9012429960501237 1.0987570039498764 1.0 1.0 24
0.457617722791695 1.4576177227916949 0.5 1.5 25
0.10310839640941424 1.1031083964094142 0.0 1.0 26
0.18202528908343837 1.1820252890834384 0.5 1.5 34
1.0 0.7994704499800855 1.0 0.0 36
0.0 0.4380263071156797 0.0 0.0 37
0.0 1.0 1.0 1.0 38
0.9103073390688781 1.089692660931122 1.0 1.0 39
1.617783919685184 1.0 2.0 1.0 40
0.5 1.5 1.0 1.0 41
0.4953499467505379 1.4953499467505378 0.5 1.5 42
0.29536813005647816 1.0 0.0 1.0 44
0.17333313508231904 1.0 1.0 1.0 45
0.0 0.7071041132534498 0.0 0.0 46
1.6209167031763285 1.0 2.0 1.0 47
-0.9073857202469171 1.0 -1.0 1.0 48
0.20095223979091845 1.0 1.0 1.0 49
0.0 0.6626254987300884 0.0 0.0 50
0.35690933441961187 1.0 1.0 1.0 51
0.798547118248492 1.0 0.0 1.0 52
1.2025783869427917 1.0 2.0 1.0 53
0.2403042993768648 1.0 0.0 1.0 54
0.0 1.0044624652244514 0.0 1.0 55
-0.11427120452062747 1.0 -1.0 1.0 56
0.0 0.5457874135214675 0.0 0.0 57
1.0 1.2830529430916433 1.0 1.0 58
0.0 1.3045237540608263 0.0 1.0 59
-0.007105844462268038 1.0 0.0 1.0 60
1.0 0.9480896391007667 1.0 1.0 61
1.0 0.4687820553507994 1.0 0.0 62
0.0 0.9363675411034623 0.0 1.0 63
0.0 1.4589395285878424 0.0 1.0 64
1.0 0.847270830135343 1.0 0.0 65
0.0 1.1793276018682466 0.0 1.0 66
0.0 0.4349963394437252 0.0 1.0 67
0.0 1.2056633340886698 0.0 1.0 68
-0.2203573396658129 1.0 0.0 1.0 69
1.0 0.7724156939101828 1.0 1.0 70
1.0 1.305178359322195 1.0 1.0 71
1.278454433501161 1.0 1.0 1.0 72
0.0 1.4269084077772012 0.0 1.0 73
0.0 0.7340890820620486 0.0 1.0 74
0.0 1.357675059526944 0.0 1.0 75
1.0 1.2178664632056364 1.0 1.0 76
0.0 1.5818107189440882 0.0 1.0 77
-0.7811648951969531 1.0 0.0 1.0 78
1.0 0.2955146675758743 1.0 1.0 79
1.6900531882511864 1.0 1.0 1.0 80
0.0 0.22228676434167624 0.0 1.0 81
0.0 1.7748664180287828 0.0 1.0 82
1.0 1.832738867125554 1.0 1.0 83
0.0 1.8657291729279706 0.0 1.0 84
0.0 0.0 0.0 1.0 85
0.0 2.0 0.0 1.0 86
-1.0 1.0 0.0 1.0 87
1.0 0.0 1.0 1.0 88
1.0 2.0 1.0 1.0 89
2.0 1.0 1.0 1.0 90
*** t = 31
1.0 0.4577212019815783 1.0 0.0 1
0.0 1.8771469887168815 0.0 2.0 7
0.32788274755264285 1.327882747552643 0.5 1.5 11
-0.9955500720028282 1.0 -1.0 1.0 14
1.821194796258992 1.0 2.0 1.0 16
1.5702978481195482 1.0 2.0 1.0 20
0.7015042654803619 1.298495734519638 1.0 1.0 22
0.9814915952601483 1.0185084047398518 1.0 1.0 24
0.5 1.5 1.0 1.0 25
0.023730075691297117 1.023730075691297 0.0 1.0 26
0.27303793362515755 1.2730379336251576 0.5 1.5 34
1.0 0.7326272666401141 1.0 0.0 36
0.0 0.34436402496829305 0.0 0.0 37
0.06279261065515702 1.0 1.0 1.0 38
1.0 1.0 1.0 0.0 39
1.7207479062993816 1.0 2.0 1.0 40
0.5837630302321106 1.4162369697678892 1.0 1.0 41
0.5 1.5 1.0 1.0 42
0.17792948506589126 1.0 0.0 1.0 44
0.25999970262347855 1.0 1.0 1.0 45
0.0 0.6094721510045997 0.0 0.0 46
1.7451000438115942 1.0 2.0 1.0 47
0.30142835968637766 1.0 1.0 1.0 49
0.0 0.5501673316401178 0.0 0.0 50
0.4758791125594825 1.0 1.0 1.0 51
0.697820677372738 1.0 0.0 1.0 52
1.3038675804141877 1.0 2.0 1.0 53
0.08836515925223765 1.0 0.0 1.0 54
0.0 1.0 0.0 0.0 55
-0.22854240904125495 1.0 -1.0 1.0 56
0.0 0.3943832180286234 0.0 0.0 57
1.0 1.2113582374008076 1.0 1.0 58
0.0 1.2272486156231404 0.0 1.0 59
0.0 1.0 0.0 0.0 60
1.0 1.0 0.0 1.0 61
1.0 0.2917094071343992 1.0 0.0 62
0.0 1.0 0.5 1.5 63
0.0 1.3913069696613227 0.0 1.0 64
1.0 0.694541660270686 1.0 0.0 65
0.0 1.0620886878494247 0.0 1.0 66
0.0 0.5074957293510127 0.0 1.0 67
0.0 1.0732738897701146 0.0 1.0 68
-0.09041689627678168 1.0 0.0 1.0 69
1.0 0.9011516428952133 1.0 1.0 70
1.0 1.1893747525425606 1.0 1.0 71
1.1581968390846875 1.0 1.0 1.0 72
0.0 1.3122900893326415 0.0 1.0 73
0.0 0.9176113525775608 0.0 1.0 74
0.0 1.1970938244086797 0.0 1.0 75
1.0 1.0223330790070455 1.0 1.0 76
0.0 1.4424142919254512 0.0 1.0 77
-0.7082198602626042 1.0 0.0 1.0 78
1.0 0.3940195567678324 1.0 1.0 79
1.5867375843349152 1.0 1.0 1.0 80
0.0 0.33343014651251435 0.0 1.0 81
0.0 1.6622996270431742 0.0 1.0 82
1.0 1.749108300688331 1.0 1.0 83
0.0 1.7314583458559414 0.0 1.0 84
0.0 0.14137640545229022 0.0 1.0 85
0.0 1.83814124125417 0.0 1.0 86
-0.9206698982043264 1.0 0.0 1.0 87
1.0 0.12066140250856862 1.0 1.0 88
1.0 1.8837248318816804 1.0 1.0 89
1.8440862620131608 1.0 1.0 1.0 90
0.0 2.0 0.0 1.0 91
*** t = 32
1.0 0.36734140231184126 1.0 0.0 1
0.0 1.9867903623064915 0.0 2.0 7
0.39345929706317134 1.3934592970631712 0.5 1.5 11
1.8958488686461732 1.0 2.0 1.0 16
1.684357417743458 1.0 2.0 1.0 20
0.802256398220543 1.1977436017794572 1.0 1.0 22
1.0 1.0 1.0 0.0 24
0.591523544558339 1.4084764554416611 1.0 1.0 25
0.0 1.0 0.0 0.0 26
0.36405057816687675 1.3640505781668768 0.5 1.5 34
1.0 0.6657840833001424 1.0 0.0 36
0.0 0.25070174282090635 0.0 0.0 37
0.12558522131031405 1.0 1.0 1.0 38
1.0 0.8549344490868941 1.0 0.0 39
1.823711892913579 1.0 2.0 1.0 40
0.6675260604642212 1.3324739395357788 1.0 1.0 41
0.582558324458423 1.417441675541577 1.0 1.0 42
0.060490840075304246 1.0 0.0 1.0 44
0.3466662701646381 1.0 1.0 1.0 45
0.0 0.5118401887557497 0.0 0.0 46
1.8692833844468602 1.0 2.0 1.0 47
0.4019044795818369 1.0 1.0 1.0 49
0.0 0.4377091645501473 0.0 0.0 50
0.5948488906993531 1.0 1.0 1.0 51
0.5970942364969841 1.0 0.0 1.0 52
1.4051567738855835 1.0 2.0 1.0 53
0.0 1.0 0.0 0.0 54
0.0 0.9094965877476774 0.0 0.0 55
-0.34281361356188245 1.0 -1.0 1.0 56
0.0 0.2429790225357793 0.0 0.0 57
1.0 1.1396635317099721 1.0 1.0 58
0.0 1.1499734771854546 0.0 1.0 59
0.0 0.8896784271624741 0.0 0.0 60
0.8946567067665815 1.0 0.0 1.0 61
1.0 0.11463675891799895 1.0 0.0 62
0.08276397974965394 1.082763979749654 0.5 1.5 63
0.0 1.323674410734803 0.0 1.0 64
1.0 0.541812490406029 1.0 0.0 65
0.0 1.0 0.5 1.5 66
0.0 0.5799951192583003 0.0 1.0 67
0.0 1.0 -1.0 1.0 68
0.0 1.0 0.0 0.0 69
1.0 1.0 1.0 2.0 70
1.0 1.0735711457629267 1.0 1.0 71
1.0379392446682143 1.0 1.0 1.0 72
0.0 1.1976717708880817 0.0 1.0 73
0.0 1.0 1.0 1.0 74
0.0 1.0365125892904157 0.0 1.0 75
1.0 1.0 2.0 1.0 76
0.0 1.3030178649068143 0.0 1.0 77
-0.6352748253282552 1.0 0.0 1.0 78
1.0 0.4925244459597905 1.0 1.0 79
1.4834219804186437 1.0 1.0 1.0 80
0.0 0.4445735286833525 0.0 1.0 81
0.0 1.5497328360575657 0.0 1.0 82
1.0 1.665477734251108 1.0 1.0 83
0.0 1.5971875187839124 0.0 1.0 84
0.0 0.28275281090458043 0.0 1.0 85
0.0 1.6762824825083402 0.0 1.0 86
-0.8413397964086529 1.0 0.0 1.0 87
1.0 0.24132280501713724 1.0 1.0 88
1.0 1.767449663763361 1.0 1.0 89
1.6881725240263217 1.0 1.0 1.0 90
0.0 1.8519494597596622 0.0 1.0 91
0.0 0.0 0.0 1.0 92
0.0 2.0 0.0 1.0 93
1.0 2.0 1.0 1.0 94
*** t = 33
1.0 0.27696160264210434 1.0 0.0 1
0.4590358465736999 1.4590358465737001 0.5 1.5 11
1.9705029410333543 1.0 2.0 1.0 16
1.7984169873673677 1.0 2.0 1.0 20
0.9030085309607239 1.0969914690392761 1.0 1.0 22
1.0 0.8865113426357403 1.0 0.0 24
0.683047089116678 1.316952910883322 1.0 1.0 25
0.0 0.8877421022820374 0.0 0.0 26
0.4550632227085959 1.4550632227085958 0.5 1.5 34
1.0 0.598940899960171 1.0 0.0 36
0.0 0.15703946067351965 0.0 0.0 37
0.1883778319654711 1.0 1.0 1.0 38
1.0 0.7098688981737883 1.0 0.0 39
1.9266758795277763 1.0 2.0 1.0 40
0.751289090696332 1.2487109093036681 1.0 1.0 41
0.6651166489168461 1.334883351083154 1.0 1.0 42
0.0 1.0 -1.0 1.0 44
0.4333328377057976 1.0 1.0 1.0 45
0.0 0.4142082265068996 0.0 0.0 46
1.9934667250821259 1.0 2.0 1.0 47
0.5023805994772961 1.0 1.0 1.0 49
0.0 0.3252509974601767 0.0 0.0 50
0.7138186688392237 1.0 1.0 1.0 51
0.4963677956212301 1.0 0.0 1.0 52
1.5064459673569794 1.0 2.0 1.0 53
0.0 0.848060859875373 0.0 0.0 54
0.0 0.8189931754953548 0.0 0.0 55
-0.4570848180825099 1.0 -1.0 1.0 56
0.0 0.09157482704293514 0.0 0.0 57
1.0 1.0679688260191365 1.0 1.0 58
0.0 1.0726983387477684 0.0 1.0 59
0.0 0.7793568543249484 0.0 0.0 60
0.789313413533163 1.0 0.0 1.0 61
0.16552795949930788 1.1655279594993078 0.5 1.5 63
0.0 1.2560418518082834 0.0 1.0 64
1.0 0.38908332054137196 1.0 0.0 65
0.08290043112165557 1.0829004311216557 0.5 1.5 66
0.0 0.6524945091655878 0.0 1.0 67
-0.13238944431855504 1.0 -1.0 1.0 68
0.0 0.8700595566109688 0.0 0.0 69
1.0 1.1287359489850304 1.0 2.0 70
1.0 1.0 0.0 1.0 71
1.0 1.0 1.0 0.0 72
0.0 1.083053452443522 0.0 1.0 73
0.18352227051551215 1.0 1.0 1.0 74
0.0 1.0 1.0 1.0 75
1.195533384198591 1.0 2.0 1.0 76
0.0 1.1636214378881768 0.0 1.0 77
-0.5623297903939063 1.0 0.0 1.0 78
1.0 0.5910293351517486 1.0 1.0 79
1.3801063765023727 1.0 1.0 1.0 80
0.0 0.5557169108541906 0.0 1.0 81
0.0 1.4371660450719572 0.0 1.0 82
1.0 1.5818471678138852 1.0 1.0 83
0.0 1.462916691711883 0.0 1.0 84
0.0 0.4241292163568706 0.0 1.0 85
0.0 1.5144237237625107 0.0 1.0 86
-0.7620096946129793 1.0 0.0 1.0 87
1.0 0.3619842075257058 1.0 1.0 88
1.0 1.6511744956450414 1.0 1.0 89
1.5322587860394827 1.0 1.0 1.0 90
0.0 1.7038989195193244 0.0 1.0 91
0.0 0.1492367399238467 0.0 1.0 92
0.0 1.8908352473355814 0.0 1.0 93
1.0 1.8657620067464535 1.0 1.0 94
0.0 2.0 0.0 1.0 95
-1.0 1.0 0.0 1.0 96
1.0 0.0 1.0 1.0 97
2.0 1.0 1.0 1.0 98
*** t = 34
1.0 0.1865818029723674 1.0 0.0 1
0.5 1.5 1.0 1.0 11
1.912476556991277 1.0 2.0 1.0 20
1.0 1.0 1.0 0.0 22
1.0 0.7730226852714804 1.0 0.0 24
0.774570633675017 1.225429366324983 1.0 1.0 25
0.0 0.775484204564075 0.0 0.0 26
0.5 1.5 1.0 1.0 34
1.0 0.5320977166201994 1.0 0.0 36
0.0 0.06337717852613295 0.0 0.0 37
0.2511704426206281 1.0 1.0 1.0 38
1.0 0.5648033472606824 1.0 0.0 39
0.8350521209284426 1.1649478790715575 1.0 1.0 41
0.7476749733752689 1.252325026624731 1.0 1.0 42
-0.11743864499058695 1.0 -1.0 1.0 44
0.5199994052469571 1.0 1.0 1.0 45
0.0 0.31657626425804947 0.0 0.0 46
0.6028567193727553 1.0 1.0 1.0 49
0.0 0.2127928303702062 0.0 0.0 50
0.8327884469790944 1.0 1.0 1.0 51
0.3956413547454761 1.0 0.0 1.0 52
1.6077351608283754 1.0 2.0 1.0 53
0.0 0.6961217197507459 0.0 0.0 54
0.0 0.7284897632430323 0.0 0.0 55
-0.5713560226031373 1.0 -1.0 1.0 56
1.0 1.0 1.0 0.0 58
0.0 1.0 0.0 0.0 59
0.0 0.6690352814874225 0.0 0.0 60
0.6839701202997444 1.0 0.0 1.0 61
0.2482919392489618 1.2482919392489618 0.5 1.5 63
0.0 1.1884092928817638 0.0 1.0 64
1.0 0.2363541506767149 1.0 0.0 65
0.16580086224331114 1.1658008622433111 0.5 1.5 66
0.0 0.7249938990728754 0.0 1.0 67
-0.2647788886371101 1.0 -1.0 1.0 68
0.0 0.7401191132219377 0.0 0.0 69
1.0 1.2574718979700608 1.0 2.0 70
0.8841963932203659 1.0 0.0 1.0 71
1.0 0.8797424055835268 1.0 0.0 72
0.0 1.0 1.0 1.0 73
0.3670445410310243 1.0 1.0 1.0 74
0.16058123511826403 1.0 1.0 1.0 75
1.3910667683971818 1.0 2.0 1.0 76
0.0 1.0242250108695397 0.0 1.0 77
-0.4893847554595574 1.0 0.0 1.0 78
1.0 0.6895342243437067 1.0 1.0 79
1.2767907725861014 1.0 1.0 1.0 80
0.0 0.6668602930250287 0.0 1.0 81
0.0 1.3245992540863483 0.0 1.0 82
1.0 1.4982166013766622 1.0 1.0 83
0.0 1.3286458646398536 0.0 1.0 84
0.0 0.5655056218091609 0.0 1.0 85
0.0 1.3525649650166804 0.0 1.0 86
-0.6826795928173058 1.0 0.0 1.0 87
1.0 0.4826456100342745 1.0 1.0 88
1.0 1.534899327526722 1.0 1.0 89
1.3763450480526436 1.0 1.0 1.0 90
0.0 1.5558483792789866 0.0 1.0 91
0.0 0.2984734798476934 0.0 1.0 92
0.0 1.781670494671163 0.0 1.0 93
1.0 1.7315240134929066 1.0 1.0 94
0.0 1.9061851201889592 0.0 1.0 95
-0.879013124137916 1.0 0.0 1.0 96
1.0 0.08964017740513526 1.0 1.0 97
1.9059317898520636 1.0 1.0 1.0 98
0.0 0.0 0.0 1.0 99
0.0 2.0 0.0 1.0 100
1.0 2.0 1.0 1.0 101
*** t = 35
1.0 0.09620200330263046 1.0 0.0 1
0.5655765495105285 1.4344234504894715 1.0 1.0 11
1.0 0.8575149674408218 1.0 0.0 22
1.0 0.6595340279072207 1.0 0.0 24
0.866094178233356 1.133905821766644 1.0 1.0 25
0.0 0.6632263068461125 0.0 0.0 26
0.5910126445417192 1.4089873554582808 1.0 1.0 34
1.0 0.4652545332802279 1.0 0.0 36
0.3139630532757851 1.0 1.0 1.0 38
1.0 0.4197377963475766 1.0 0.0 39
0.9188151511605533 1.0811848488394467 1.0 1.0 41
0.8302332978336919 1.169766702166308 1.0 1.0 42
-0.2348772899811739 1.0 -1.0 1.0 44
0.6066659727881166 1.0 1.0 1.0 45
0.0 0.21894430200919943 0.0 0.0 46
0.7033328392682145 1.0 1.0 1.0 49
0.0 0.1003346632802355 0.0 0.0 50
0.951758225118965 1.0 1.0 1.0 51
0.29491491386972213 1.0 0.0 1.0 52
1.7090243542997712 1.0 2.0 1.0 53
0.0 0.5441825796261188 0.0 0.0 54
0.0 0.6379863509907097 0.0 0.0 55
-0.6856272271237649 1.0 -1.0 1.0 56
1.0 0.9283052943091644 1.0 0.0 58
0.0 0.922724861562314 0.0 0.0 59
0.0 0.5587137086498969 0.0 0.0 60
0.578626827066326 1.0 0.0 1.0 61
0.33105591899861575 1.3310559189986158 0.5 1.5 63
0.0 1.1207767339552441 0.0 1.0 64
1.0 0.08362498081205799 1.0 0.0 65
0.2487012933649667 1.2487012933649668 0.5 1.5 66
0.0 0.7974932889801629 0.0 1.0 67
-0.3971683329556651 1.0 -1.0 1.0 68
0.0 0.6101786698329065 0.0 0.0 69
1.0 1.3862078469550914 1.0 2.0 70
0.7683927864407316 1.0 0.0 1.0 71
1.0 0.7594848111670537 1.0 0.0 72
0.11461831844455977 1.0 1.0 1.0 73
0.5505668115465364 1.0 1.0 1.0 74
0.32116247023652805 1.0 1.0 1.0 75
1.5866001525957725 1.0 2.0 1.0 76
0.0 1.0 0.5 1.5 77
-0.4164397205252084 1.0 0.0 1.0 78
1.0 0.7880391135356648 1.0 1.0 79
1.1734751686698301 1.0 1.0 1.0 80
0.0 0.7780036751958668 0.0 1.0 81
0.0 1.2120324631007398 0.0 1.0 82
1.0 1.414586034939439 1.0 1.0 83
0.0 1.1943750375678241 0.0 1.0 84
0.0 0.7068820272614511 0.0 1.0 85
0.0 1.1907062062708507 0.0 1.0 86
-0.6033494910216323 1.0 0.0 1.0 87
1.0 0.6033070125428431 1.0 1.0 88
1.0 1.4186241594084021 1.0 1.0 89
1.2204313100658042 1.0 1.0 1.0 90
0.0 1.4077978390386487 0.0 1.0 91
0.0 0.44771021977154013 0.0 1.0 92
0.0 1.6725057420067446 0.0 1.0 93
1.0 1.59728602023936 1.0 1.0 94
0.0 1.8123702403779185 0.0 1.0 95
-0.758026248275832 1.0 0.0 1.0 96
1.0 0.17928035481027052 1.0 1.0 97
1.8118635797041274 1.0 1.0 1.0 98
0.0 0.2002775643977853 0.0 1.0 99
0.0 1.8498414695866285 0.0 1.0 100
1.0 1.8440384693542884 1.0 1.0 101
0.0 2.0 0.0 1.0 102
*** t = 36
1.0 0.005822203632893377 1.0 0.0 1
0.6311530990210571 1.368846900978943 1.0 1.0 11
1.0 0.7150299348816435 1.0 0.0 22
1.0 0.5460453705429608 1.0 0.0 24
0.9576177227916949 1.0423822772083051 1.0 1.0 25
0.0 0.5509684091281499 0.0 0.0 26
0.6820252890834384 1.3179747109165618 1.0 1.0 34
1.0 0.3984113499402564 1.0 0.0 36
0.3767556639309422 1.0 1.0 1.0 38
1.0 0.2746722454344707 1.0 0.0 39
1.0 1.0 1.0 0.0 41
0.912791622292115 1.0872083777078851 1.0 1.0 42
-0.35231593497176084 1.0 -1.0 1.0 44
0.6933325403292762 1.0 1.0 1.0 45
0.0 0.12131233976034934 0.0 0.0 46
0.8038089591636738 1.0 1.0 1.0 49
1.0 1.0 2.0 1.0 51
0.19418847299396816 1.0 0.0 1.0 52
1.810313547771167 1.0 2.0 1.0 53
0.0 0.39224343950149176 0.0 0.0 54
0.0 0.547482938738387 0.0 0.0 55
-0.7998984316443922 1.0 -1.0 1.0 56
1.0 0.8566105886183287 1.0 0.0 58
0.0 0.8454497231246282 0.0 0.0 59
0.0 0.44839213581237103 0.0 0.0 60
0.47328353383290733 1.0 0.0 1.0 61
0.4138198987482697 1.4138198987482695 0.5 1.5 63
0.0 1.0531441750287245 0.0 1.0 64
0.3316017244866223 1.3316017244866223 0.5 1.5 66
0.0 0.8699926788874506 0.0 1.0 67
-0.5295577772742202 1.0 -1.0 1.0 68
0.0 0.4802382264438753 0.0 0.0 69
1.0 1.5149437959401217 1.0 2.0 70
0.6525891796610975 1.0 0.0 1.0 71
1.0 0.6392272167505805 1.0 0.0 72
0.22923663688911955 1.0 1.0 1.0 73
0.7340890820620486 1.0 1.0 1.0 74
0.48174370535479205 1.0 1.0 1.0 75
1.7821335367943636 1.0 2.0 1.0 76
0.09856815881805402 1.098568158818054 0.5 1.5 77
-0.3434946855908593 1.0 0.0 1.0 78
1.0 0.8865440027276229 1.0 1.0 79
1.070159564753559 1.0 1.0 1.0 80
0.0 0.8891470573667049 0.0 1.0 81
0.0 1.099465672115131 0.0 1.0 82
1.0 1.330955468502216 1.0 1.0 83
0.0 1.060104210495795 0.0 1.0 84
0.0 0.8482584327137414 0.0 1.0 85
0.0 1.0288474475250207 0.0 1.0 86
-0.5240193892259587 1.0 0.0 1.0 87
1.0 0.7239684150514116 1.0 1.0 88
1.0 1.3023489912900827 1.0 1.0 89
1.0645175720789652 1.0 1.0 1.0 90
0.0 1.259747298798311 0.0 1.0 91
0.0 0.5969469596953868 0.0 1.0 92
0.0 1.563340989342326 0.0 1.0 93
1.0 1.4630480269858135 1.0 1.0 94
0.0 1.7185553605668775 0.0 1.0 95
-0.6370393724137482 1.0 0.0 1.0 96
1.0 0.2689205322154058 1.0 1.0 97
1.7177953695561907 1.0 1.0 1.0 98
0.0 0.4005551287955706 0.0 1.0 99
0.0 1.6996829391732569 0.0 1.0 100
1.0 1.688076938708577 1.0 1.0 101
0.0 1.8907021509026054 0.0 1.0 102
0.0 0.0 0.0 1.0 103
0.0 2.0 0.0 1.0 104
-1.0 1.0 0.0 1.0 105
1.0 0.0 1.0 1.0 106
1.0 2.0 1.0 1.0 107
2.0 1.0 1.0 1.0 108
*** t = 37
0.6967296485315856 1.3032703514684143 1.0 1.0 11
1.0 0.5725449023224651 1.0 0.0 22
1.0 0.432556713178701 1.0 0.0 24
1.0 1.0 1.0 0.0 25
0.0 0.43871051141018746 0.0 0.0 26
0.7730379336251576 1.2269620663748424 1.0 1.0 34
1.0 0.3315681666002848 1.0 0.0 36
0.43954827458609913 1.0 1.0 1.0 38
1.0 0.129606694521365 1.0 0.0 39
1.0 0.8815411866202816 1.0 0.0 41
0.9953499467505378 1.0046500532494622 1.0 1.0 42
-0.4697545799623478 1.0 -1.0 1.0 44
0.7799991078704358 1.0 1.0 1.0 45
0.0 0.023680377511499272 0.0 0.0 46
0.904285079059133 1.0 1.0 1.0 49
1.1189697781398706 1.0 2.0 1.0 51
0.09346203211821419 1.0 0.0 1.0 52
1.911602741242563 1.0 2.0 1.0 53
0.0 0.2403042993768648 0.0 0.0 54
0.0 0.45697952648606444 0.0 0.0 55
-0.9141696361650198 1.0 -1.0 1.0 56
1.0 0.784915882927493 1.0 0.0 58
0.0 0.7681745846869421 0.0 0.0 59
0.0 0.3380705629748452 0.0 0.0 60
0.3679402405994888 1.0 0.0 1.0 61
0.4965838784979236 1.4965838784979235 0.5 1.5 63
0.0 1.0 0.0 0.0 64
0.41450215560827786 1.414502155608278 0.5 1.5 66
0.0 0.942492068794738 0.0 1.0 67
-0.6619472215927752 1.0 -1.0 1.0 68
0.0 0.350297783054844 0.0 0.0 69
1.0 1.6436797449251523 1.0 2.0 70
0.5367855728814633 1.0 0.0 1.0 71
1.0 0.5189696223341073 1.0 0.0 72
0.3438549553336793 1.0 1.0 1.0 73
0.9176113525775608 1.0 1.0 1.0 74
0.6423249404730561 1.0 1.0 1.0 75
1.9776669209929543 1.0 2.0 1.0 76
0.19713631763610803 1.197136317636108 0.5 1.5 77
-0.2705496506565103 1.0 0.0 1.0 78
1.0 0.985048891919581 1.0 1.0 79
1.0 1.0 0.0 1.0 80
0.0 1.0 -1.0 1.0 81
0.0 1.0 -1.0 1.0 82
1.0 1.247324902064993 1.0 1.0 83
0.0 1.0 0.5 1.5 84
0.0 0.9896348381660316 0.0 1.0 85
0.0 1.0 0.5 1.5 86
-0.44468928743028513 1.0 0.0 1.0 87
1.0 0.8446298175599803 1.0 1.0 88
1.0 1.1860738231717634 1.0 1.0 89
1.0 1.0 1.0 0.0 90
0.0 1.1116967585579731 0.0 1.0 91
0.0 0.7461836996192335 0.0 1.0 92
0.0 1.4541762366779074 0.0 1.0 93
1.0 1.3288100337322668 1.0 1.0 94
0.0 1.624740480755837 0.0 1.0 95
-0.5160524965516642 1.0 0.0 1.0 96
1.0 0.35856070962054104 1.0 1.0 97
1.6237271594082545 1.0 1.0 1.0 98
0.0 0.6008326931933559 0.0 1.0 99
0.0 1.5495244087598856 0.0 1.0 100
1.0 1.5321154080628656 1.0 1.0 101
0.0 1.7814043018052106 0.0 1.0 102
0.0 0.14178873385333854 0.0 1.0 103
0.0 1.8474541756681142 0.0 1.0 104
-0.9064765714413809 1.0 0.0 1.0 105
1.0 0.09294595109899989 1.0 1.0 106
1.0 1.8556388187846238 1.0 1.0 107
1.8552454631731874 1.0 1.0 1.0 108
0.0 2.0 0.0 1.0 109
*** t = 38
0.7623061980421143 1.2376938019578858 1.0 1.0 11
1.0 0.4300598697632869 1.0 0.0 22
1.0 0.31906805581444103 1.0 0.0 24
1.0 0.8705661620091386 1.0 0.0 25
0.0 0.32645261369222495 0.0 0.0 26
0.8640505781668767 1.1359494218331232 1.0 1.0 34
1.0 0.2647249832603134 1.0 0.0 36
0.5023408852412562 1.0 1.0 1.0 38
1.0 0.763082373240563 1.0 0.0 41
1.0 1.0 2.0 1.0 42
-0.5871932249529348 1.0 -1.0 1.0 44
0.8666656754115952 1.0 1.0 1.0 45
1.0 1.0 2.0 1.0 49
1.2379395562797413 1.0 2.0 1.0 51
0.0 1.0 -1.0 1.0 52
0.0 0.08836515925223765 0.0 0.0 54
0.0 0.3664761142337418 0.0 0.0 55
1.0 0.7132211772366575 1.0 0.0 58
0.0 0.6908994462492563 0.0 0.0 59
0.0 0.22774899013731953 0.0 0.0 60
0.2625969473660703 1.0 0.0 1.0 61
0.5 1.5 1.0 1.0 63
0.0 0.9323674410734804 0.0 0.0 64
0.4974025867299334 1.4974025867299334 0.5 1.5 66
0.0 1.0 -1.0 1.0 67
-0.7943366659113302 1.0 -1.0 1.0 68
0.0 0.2203573396658129 0.0 0.0 69
1.0 1.772415693910183 1.0 2.0 70
0.4209819661018292 1.0 0.0 1.0 71
1.0 0.398712027917634 1.0 0.0 72
0.4584732737782391 1.0 1.0 1.0 73
1.0 1.0 2.0 1.0 74
0.8029061755913202 1.0 1.0 1.0 75
0.29570447645416204 1.295704476454162 0.5 1.5 77
-0.19760461572216145 1.0 0.0 1.0 78
1.0 1.0 0.5 1.5 79
0.8966843960837287 1.0 0.0 1.0 80
-0.11114338217083812 1.0 -1.0 1.0 81
-0.11256679098560861 1.0 -1.0 1.0 82
1.0 1.1636943356277702 1.0 1.0 83
0.09494381233815817 1.094943812338158 0.5 1.5 84
0.0 1.0 0.5 1.5 85
0.11445142590361371 1.1144514259036138 0.5 1.5 86
-0.3653591856346116 1.0 0.0 1.0 87
1.0 0.965291220068549 1.0 1.0 88
1.0 1.0697986550534437 1.0 1.0 89
1.0 0.8440862620131608 1.0 0.0 90
0.0 1.0 1.0 1.0 91
0.0 0.8954204395430801 0.0 1.0 92
0.0 1.345011484013489 0.0 1.0 93
1.0 1.19457204047872 1.0 1.0 94
0.0 1.530925600944796 0.0 1.0 95
-0.3950656206895802 1.0 0.0 1.0 96
1.0 0.4482008870256763 1.0 1.0 97
1.529658949260318 1.0 1.0 1.0 98
0.0 0.8011102575911412 0.0 1.0 99
0.0 1.3993658783465142 0.0 1.0 100
1.0 1.376153877417154 1.0 1.0 101
0.0 1.6721064527078162 0.0 1.0 102
0.0 0.2835774677066771 0.0 1.0 103
0.0 1.6949083513362284 0.0 1.0 104
-0.8129531428827619 1.0 0.0 1.0 105
1.0 0.18589190219799978 1.0 1.0 106
1.0 1.7112776375692476 1.0 1.0 107
1.7104909263463746 1.0 1.0 1.0 108
0.0 1.87615196400162 0.0 1.0 109
0.0 0.0 0.0 1.0 110
0.0 2.0 0.0 1.0 111
1.0 2.0 1.0 1.0 112
*** t = 39
0.8278827475526428 1.172117252447357 1.0 1.0 11
1.0 0.28757483720410876 1.0 0.0 22
1.0 0.20557939845018125 1.0 0.0 24
1.0 0.7411323240182773 1.0 0.0 25
0.0 0.2141947159742625 0.0 0.0 26
0.9550632227085959 1.0449367772914042 1.0 1.0 34
1.0 0.19788179992034188 1.0 0.0 36
0.5651334958964133 1.0 1.0 1.0 38
1.0 0.6446235598608446 1.0 0.0 41
1.1167551021359001 1.0 2.0 1.0 42
-0.7046318699435219 1.0 -1.0 1.0 44
0.9533322429527548 1.0 1.0 1.0 45
1.1004761198954593 1.0 2.0 1.0 49
1.356909334419612 1.0 2.0 1.0 51
-0.10072644087575398 1.0 -1.0 1.0 52
0.0 0.27597270198141927 0.0 0.0 55
1.0 0.6415264715458219 1.0 0.0 58
0.0 0.6136243078115702 0.0 0.0 59
0.0 0.11742741729979372 0.0 0.0 60
0.1572536541326518 1.0 0.0 1.0 61
0.5827639797496539 1.417236020250346 1.0 1.0 63
0.0 0.8647348821469606 0.0 0.0 64
0.5 1.5 1.0 1.0 66
-0.07249938990728752 1.0 -1.0 1.0 67
-0.9267261102298854 1.0 -1.0 1.0 68
0.0 0.09041689627678168 0.0 0.0 69
1.0 1.901151642895213 1.0 2.0 70
0.305178359322195 1.0 0.0 1.0 71
1.0 0.27845443350116084 1.0 0.0 72
0.5730915922227988 1.0 1.0 1.0 73
1.1835222705155122 1.0 2.0 1.0 74
0.9634874107095842 1.0 1.0 1.0 75
0.39427263527221607 1.3942726352722161 0.5 1.5 77
-0.12465958078781242 1.0 0.0 1.0 78
0.930346524872337 1.069653475127663 0.5 1.5 79
0.7933687921674576 1.0 0.0 1.0 80
-0.22228676434167624 1.0 -1.0 1.0 81
-0.22513358197121722 1.0 -1.0 1.0 82
1.0 1.0800637691905473 1.0 1.0 83
0.18988762467631634 1.1898876246763164 0.5 1.5 84
0.0999682149950932 1.0999682149950933 0.5 1.5 85
0.22890285180722741 1.2289028518072274 0.5 1.5 86
-0.28602908383893805 1.0 0.0 1.0 87
1.0 1.0 1.0 2.0 88
1.0 1.0 2.0 1.0 89
1.0 0.6881725240263218 1.0 0.0 90
0.14805054024033779 1.0 1.0 1.0 91
0.0 1.0 0.0 2.0 92
0.0 1.2358467313490704 0.0 1.0 93
1.0 1.0603340472251732 1.0 1.0 94
0.0 1.4371107211337553 0.0 1.0 95
-0.27407874482749617 1.0 0.0 1.0 96
1.0 0.5378410644308116 1.0 1.0 97
1.4355907391123817 1.0 1.0 1.0 98
0.0 1.0 0.5 1.5 99
0.0 1.2492073479331427 0.0 1.0 100
1.0 1.2201923467714426 1.0 1.0 101
0.0 1.5628086036104216 0.0 1.0 102
0.0 0.4253662015600156 0.0 1.0 103
0.0 1.5423625270043428 0.0 1.0 104
-0.7194297143241428 1.0 0.0 1.0 105
1.0 0.27883785329699967 1.0 1.0 106
1.0 1.5669164563538711 1.0 1.0 107
1.5657363895195617 1.0 1.0 1.0 108
0.0 1.7523039280032404 0.0 1.0 109
0.0 0.11001896326290338 0.0 1.0 110
0.0 1.8776938314601777 0.0 1.0 111
1.0 1.8706692950628132 1.0 1.0 112
0.0 2.0 0.0 1.0 113
-1.0 1.0 0.0 1.0 114
1.0 0.0 1.0 1.0 115
2.0 1.0 1.0 1.0 116
*** t = 40
0.8934592970631714 1.1065407029368286 1.0 1.0 11
1.0 0.1450898046449305 1.0 0.0 22
1.0 0.09209074108592148 1.0 0.0 24
1.0 0.611698486027416 1.0 0.0 25
0.0 0.10193681825630009 0.0 0.0 26
1.0 1.0 1.0 2.0 34
1.0 0.13103861658037033 1.0 0.0 36
0.6279261065515703 1.0 1.0 1.0 38
1.0 0.5261647464811261 1.0 0.0 41
1.2335102042718002 1.0 2.0 1.0 42
-0.8220705149341088 1.0 -1.0 1.0 44
1.0 1.0 0.5 1.5 45
1.2009522397909185 1.0 2.0 1.0 49
1.4758791125594826 1.0 2.0 1.0 51
-0.20145288175150797 1.0 -1.0 1.0 52
0.0 0.18546928972909654 0.0 0.0 55
1.0 0.5698317658549861 1.0 0.0 58
0.0 0.5363491693738842 0.0 0.0 59
0.0 0.007105844462268038 0.0 0.0 60
0.051910360899233295 1.0 0.0 1.0 61
0.6655279594993079 1.3344720405006922 1.0 1.0 63
0.0 0.797102323220441 0.0 0.0 64
0.5829004311216556 1.4170995688783443 1.0 1.0 66
-0.14499877981457504 1.0 -1.0 1.0 67
0.18937475254256073 1.0 0.0 1.0 71
1.0 0.15819683908468762 1.0 0.0 72
0.6877099106673586 1.0 1.0 1.0 73
1.3670445410310241 1.0 2.0 1.0 74
1.0 1.0 2.0 1.0 75
0.4928407940902701 1.4928407940902702 0.5 1.5 77
-0.05171454585346339 1.0 0.0 1.0 78
0.860693049744674 1.139306950255326 0.5 1.5 79
0.6900531882511863 1.0 0.0 1.0 80
-0.33343014651251435 1.0 -1.0 1.0 81
-0.33770037295682587 1.0 -1.0 1.0 82
1.0 1.0 1.0 0.0 83
0.2848314370144745 1.2848314370144747 0.5 1.5 84
0.1999364299901864 1.1999364299901865 0.5 1.5 85
0.34335427771084115 1.3433542777108411 0.5 1.5 86
-0.20669898204326442 1.0 0.0 1.0 87
1.0 1.1206614025085686 1.0 2.0 88
1.1162751681183196 1.0 2.0 1.0 89
1.0 0.5322587860394826 1.0 0.0 90
0.29610108048067557 1.0 1.0 1.0 91
0.0 1.1492367399238466 0.0 2.0 92
0.0 1.126681978684652 0.0 1.0 93
1.0 1.0 2.0 1.0 94
0.0 1.3432958413227147 0.0 1.0 95
-0.15309186896541221 1.0 0.0 1.0 96
1.0 0.6274812418359469 1.0 1.0 97
1.341522528964445 1.0 1.0 1.0 98
0.14161762390519944 1.1416176239051994 0.5 1.5 99
0.0 1.0990488175197712 0.0 1.0 100
1.0 1.064230816125731 1.0 1.0 101
0.0 1.4535107545130268 0.0 1.0 102
0.0 0.5671549354133542 0.0 1.0 103
0.0 1.389816702672457 0.0 1.0 104
-0.6259062857655238 1.0 0.0 1.0 105
1.0 0.37178380439599956 1.0 1.0 106
1.0 1.4225552751384951 1.0 1.0 107
1.4209818526927491 1.0 1.0 1.0 108
0.0 1.6284558920048604 0.0 1.0 109
0.0 0.22003792652580675 0.0 1.0 110
0.0 1.755387662920355 0.0 1.0 111
1.0 1.7413385901256264 1.0 1.0 112
0.0 1.8330421080693342 0.0 1.0 113
-0.8303410653949078 1.0 0.0 1.0 114
1.0 0.06467389189547493 1.0 1.0 115
1.9165815506157986 1.0 1.0 1.0 116
0.0 0.0 0.0 1.0 117
0.0 2.0 0.0 1.0 118
1.0 2.0 1.0 1.0 119
*** t = 41
0.9590358465736999 1.0409641534263 1.0 1.0 11
1.0 0.002604772085752245 1.0 0.0 22
1.0 0.4822646480365547 1.0 0.0 25
1.0 1.1287113162583409 1.0 2.0 34
1.0 0.06419543324039878 1.0 0.0 36
0.6907187172067275 1.0 1.0 1.0 38
1.0 0.4077059331014077 1.0 0.0 41
1.3502653064077006 1.0 2.0 1.0 42
-0.9395091599246957 1.0 -1.0 1.0 44
0.9387174823894842 1.0612825176105158 0.5 1.5 45
1.3014283596863776 1.0 2.0 1.0 49
1.5948488906993532 1.0 2.0 1.0 51
-0.30217932262726194 1.0 -1.0 1.0 52
0.0 0.09496587747677396 0.0 0.0 55
1.0 0.4981370601641505 1.0 0.0 58
0.0 0.45907403093619836 0.0 0.0 59
0.0 1.0 0.5 1.5 61
0.7482919392489618 1.2517080607510382 1.0 1.0 63
0.0 0.7294697642939212 0.0 0.0 64
0.6658008622433111 1.3341991377566886 1.0 1.0 66
-0.21749816972186256 1.0 -1.0 1.0 67
0.07357114576292659 1.0 0.0 1.0 71
1.0 0.03793924466821437 1.0 0.0 72
0.8023282291119184 1.0 1.0 1.0 73
1.5505668115465363 1.0 2.0 1.0 74
1.160581235118264 1.0 2.0 1.0 75
0.5 1.5 1.0 1.0 77
0.0 1.0 0.0 0.0 78
0.791039574617011 1.208960425382989 0.5 1.5 79
0.5867375843349152 1.0 0.0 1.0 80
-0.4445735286833525 1.0 -1.0 1.0 81
-0.45026716394243443 1.0 -1.0 1.0 82
1.0 0.916369433562777 1.0 0.0 83
0.3797752493526327 1.3797752493526325 0.5 1.5 84
0.2999046449852796 1.2999046449852796 0.5 1.5 85
0.45780570361445483 1.457805703614455 0.5 1.5 86
-0.12736888024759083 1.0 0.0 1.0 87
1.0 1.2413228050171372 1.0 2.0 88
1.232550336236639 1.0 2.0 1.0 89
1.0 0.3763450480526435 1.0 0.0 90
0.44415162072101333 1.0 1.0 1.0 91
0.0 1.2984734798476933 0.0 2.0 92
0.0 1.0175172260202334 0.0 1.0 93
1.1342379932535467 1.0 2.0 1.0 94
0.0 1.249480961511674 0.0 1.0 95
-0.03210499310332821 1.0 0.0 1.0 96
1.0 0.7171214192410822 1.0 1.0 97
1.2474543188165088 1.0 1.0 1.0 98
0.2832352478103989 1.2832352478103988 0.5 1.5 99
0.0 1.0 0.5 1.5 100
1.0 1.0 0.5 1.5 101
0.0 1.3442129054156322 0.0 1.0 102
0.0 0.7089436692666928 0.0 1.0 103
0.0 1.2372708783405715 0.0 1.0 104
-0.5323828572069047 1.0 0.0 1.0 105
1.0 0.4647297554949994 1.0 1.0 106
1.0 1.278194093923119 1.0 1.0 107
1.2762273158659365 1.0 1.0 1.0 108
0.0 1.5046078560064806 0.0 1.0 109
0.0 0.3300568897887101 0.0 1.0 110
0.0 1.6330814943805327 0.0 1.0 111
1.0 1.6120078851884398 1.0 1.0 112
0.0 1.6660842161386682 0.0 1.0 113
-0.6606821307898155 1.0 0.0 1.0 114
1.0 0.12934778379094986 1.0 1.0 115
1.8331631012315972 1.0 1.0 1.0 116
0.0 0.1105099074466024 0.0 1.0 117
0.0 1.8958978418857257 0.0 1.0 118
1.0 1.8149522701634606 1.0 1.0 119
0.0 2.0 0.0 1.0 120
*** t = 42
1.0 1.0 0.0 1.0 11
1.0 0.35283081004569355 1.0 0.0 25
1.0 1.257422632516682 1.0 2.0 34
0.7535113278618845 1.0 1.0 1.0 38
1.0 0.2892471197216892 1.0 0.0 41
1.4670204085436007 1.0 2.0 1.0 42
0.8774349647789684 1.1225650352210317 0.5 1.5 45
1.4019044795818367 1.0 2.0 1.0 49
1.7138186688392238 1.0 2.0 1.0 51
-0.40290576350301593 1.0 -1.0 1.0 52
0.0 0.004462465224451364 0.0 0.0 55
1.0 0.4264423544733148 1.0 0.0 58
0.0 0.38179889249851245 0.0 0.0 59
0.07448895699787318 1.074488956997873 0.5 1.5 61
0.8310559189986156 1.1689440810013842 1.0 1.0 63
0.0 0.6618372053674014 0.0 0.0 64
0.7487012933649667 1.2512987066350332 1.0 1.0 66
-0.2899975596291501 1.0 -1.0 1.0 67
0.0 1.0 -1.0 1.0 71
0.9169465475564781 1.0 1.0 1.0 73
1.7340890820620485 1.0 2.0 1.0 74
1.321162470236528 1.0 2.0 1.0 75
0.598568158818054 1.401431841181946 1.0 1.0 77
0.0 0.9270549650656511 0.0 0.0 78
0.7213860994893478 1.278613900510652 0.5 1.5 79
0.4834219804186439 1.0 0.0 1.0 80
-0.5557169108541906 1.0 -1.0 1.0 81
-0.562833954928043 1.0 -1.0 1.0 82
1.0 0.832738867125554 1.0 0.0 83
0.4747190616907908 1.4747190616907908 0.5 1.5 84
0.3998728599803728 1.399872859980373 0.5 1.5 85
0.5 1.5 1.0 1.0 86
-0.048038778451917355 1.0 0.0 1.0 87
1.0 1.361984207525706 1.0 2.0 88
1.3488255043549586 1.0 2.0 1.0 89
1.0 0.22043131006580424 1.0 0.0 90
0.5922021609613511 1.0 1.0 1.0 91
0.0 1.4477102197715401 0.0 2.0 92
0.0 1.0 1.0 1.0 93
1.2684759865070934 1.0 2.0 1.0 94
0.0 1.1556660817006332 0.0 1.0 95
0.0 1.0 1.0 1.0 96
1.0 0.8067615966462175 1.0 1.0 97
1.1533861086685724 1.0 1.0 1.0 98
0.4248528717155983 1.4248528717155984 0.5 1.5 99
0.1061781151083014 1.1061781151083014 0.5 1.5 100
0.8897185440761838 1.110281455923816 0.5 1.5 101
0.0 1.2349150563182376 0.0 1.0 102
0.0 0.8507324031200312 0.0 1.0 103
0.0 1.084725054008686 0.0 1.0 104
-0.43885942864828564 1.0 0.0 1.0 105
1.0 0.5576757065939993 1.0 1.0 106
1.0 1.1338329127077424 1.0 1.0 107
1.1314727790391237 1.0 1.0 1.0 108
0.0 1.3807598200081008 0.0 1.0 109
0.0 0.4400758530516135 0.0 1.0 110
0.0 1.5107753258407104 0.0 1.0 111
1.0 1.4826771802512533 1.0 1.0 112
0.0 1.4991263242080026 0.0 1.0 113
-0.49102319618472334 1.0 0.0 1.0 114
1.0 0.19402167568642478 1.0 1.0 115
1.7497446518473956 1.0 1.0 1.0 116
0.0 0.2210198148932048 0.0 1.0 117
0.0 1.791795683771451 0.0 1.0 118
1.0 1.6299045403269212 1.0 1.0 119
0.0 1.8769419426573748 0.0 1.0 120
0.0 0.0 0.0 1.0 121
0.0 2.0 0.0 1.0 122
-1.0 1.0 0.0 1.0 123
1.0 0.0 1.0 1.0 124
1.0 2.0 1.0 1.0 125
2.0 1.0 1.0 1.0 126
*** t = 43
0.9072607543085798 1.0 0.0 1.0 11
1.0 0.2233969720548322 1.0 0.0 25
1.0 1.3861339487750228 1.0 2.0 34
0.8163039385170415 1.0 1.0 1.0 38
1.0 0.1707883063419709 1.0 0.0 41
1.5837755106795008 1.0 2.0 1.0 42
0.8161524471684526 1.1838475528315475 0.5 1.5 45
1.5023805994772959 1.0 2.0 1.0 49
1.8327884469790945 1.0 2.0 1.0 51
-0.5036322043787699 1.0 -1.0 1.0 52
1.0 0.3547476487824791 1.0 0.0 58
0.0 0.3045237540608264 0.0 0.0 59
0.14897791399574636 1.1489779139957463 0.5 1.5 61
0.9138198987482697 1.0861801012517303 1.0 1.0 63
0.0 0.5942046464408818 0.0 0.0 64
0.8316017244866223 1.1683982755133777 1.0 1.0 66
-0.36249694953643763 1.0 -1.0 1.0 67
-0.11580360677963418 1.0 -1.0 1.0 71
1.0 1.0 1.0 2.0 73
1.9176113525775609 1.0 2.0 1.0 74
1.481743705354792 1.0 2.0 1.0 75
0.6971363176361081 1.302863682363892 1.0 1.0 77
0.0 0.8541099301313021 0.0 0.0 78
0.6517326243616849 1.348267375638315 0.5 1.5 79
0.38010637650237267 1.0 0.0 1.0 80
-0.6668602930250287 1.0 -1.0 1.0 81
-0.6754007459136517 1.0 -1.0 1.0 82
1.0 0.7491083006883311 1.0 0.0 83
0.5 1.5 1.0 1.0 84
0.49984107497546604 1.499841074975466 0.5 1.5 85
0.6144514259036137 1.3855485740963862 1.0 1.0 86
0.0 1.0 0.0 2.0 87
1.0 1.4826456100342744 1.0 2.0 88
1.465100672473278 1.0 2.0 1.0 89
1.0 0.0645175720789652 1.0 0.0 90
0.740252701201689 1.0 1.0 1.0 91
0.0 1.596946959695387 0.0 2.0 92
0.1091647526644185 1.0 1.0 1.0 93
1.40271397976064 1.0 2.0 1.0 94
0.0 1.0618512018895923 0.0 1.0 95
0.12098687586208395 1.0 1.0 1.0 96
1.0 0.8964017740513528 1.0 1.0 97
1.059317898520636 1.0 1.0 1.0 98
0.5 1.5 1.0 1.0 99
0.2123562302166028 1.2123562302166027 0.5 1.5 100
0.7794370881523678 1.2205629118476322 0.5 1.5 101
0.0 1.1256172072208432 0.0 1.0 102
0.0 0.9925211369733699 0.0 1.0 103
0.0 1.0 0.5 1.5 104
-0.3453360000896666 1.0 0.0 1.0 105
1.0 0.6506216576929993 1.0 1.0 106
1.0 1.0 0.5 1.5 107
1.0 1.0 0.0 1.0 108
0.0 1.256911784009721 0.0 1.0 109
0.0 0.5500948163145168 0.0 1.0 110
0.0 1.3884691573008883 0.0 1.0 111
1.0 1.3533464753140665 1.0 1.0 112
0.0 1.3321684322773368 0.0 1.0 113
-0.321364261579631 1.0 0.0 1.0 114
1.0 0.2586955675818997 1.0 1.0 115
1.6663262024631942 1.0 1.0 1.0 116
0.0 0.3315297223398072 0.0 1.0 117
0.0 1.6876935256571768 0.0 1.0 118
1.0 1.4448568104903818 1.0 1.0 119
0.0 1.7538838853147496 0.0 1.0 120
0.0 0.14408781107285556 0.0 1.0 121
0.0 1.8699776627101727 0.0 1.0 122
-0.8608607597707513 1.0 0.0 1.0 123
1.0 0.08605072647983311 1.0 1.0 124
1.0 1.8521279151214876 1.0 1.0 125
1.9072343756172034 1.0 1.0 1.0 126
0.0 2.0 0.0 1.0 127
*** t = 44
0.8145215086171596 1.0 0.0 1.0 11
1.0 0.09396313406397098 1.0 0.0 25
1.0 1.514845265033364 1.0 2.0 34
0.8790965491721985 1.0 1.0 1.0 38
1.0 0.05232949296225243 1.0 0.0 41
1.7005306128154012 1.0 2.0 1.0 42
0.7548699295579366 1.2451300704420634 0.5 1.5 45
1.6028567193727554 1.0 2.0 1.0 49
1.9517582251189651 1.0 2.0 1.0 51
-0.6043586452545239 1.0 -1.0 1.0 52
1.0 0.28305294309164336 1.0 0.0 58
0.0 0.22724861562314047 0.0 0.0 59
0.22346687099361953 1.2234668709936196 0.5 1.5 61
0.9965838784979236 1.0034161215020765 1.0 1.0 63
0.0 0.5265720875143621 0.0 0.0 64
0.9145021556082779 1.085497844391722 1.0 1.0 66
-0.4349963394437252 1.0 -1.0 1.0 67
-0.23160721355926836 1.0 -1.0 1.0 71
1.0 1.1146183184445597 1.0 2.0 73
1.642324940473056 1.0 2.0 1.0 75
0.7957044764541621 1.204295523545838 1.0 1.0 77
0.0 0.7811648951969531 0.0 0.0 78
0.5820791492340218 1.417920850765978 0.5 1.5 79
0.27679077258610135 1.0 0.0 1.0 80
-0.7780036751958668 1.0 -1.0 1.0 81
-0.7879675368992602 1.0 -1.0 1.0 82
1.0 0.665477734251108 1.0 0.0 83
0.5949438123381582 1.4050561876618417 1.0 1.0 84
0.5 1.5 1.0 1.0 85
0.7289028518072275 1.2710971481927726 1.0 1.0 86
0.0 1.0793301017956736 0.0 2.0 87
1.0 1.6033070125428432 1.0 2.0 88
1.5813758405915979 1.0 2.0 1.0 89
0.8883032414420268 1.0 1.0 1.0 91
0.0 1.7461836996192335 0.0 2.0 92
0.218329505328837 1.0 1.0 1.0 93
1.5369519730141865 1.0 2.0 1.0 94
0.0 1.0 0.0 0.0 95
0.2419737517241679 1.0 1.0 1.0 96
1.0 0.9860419514564882 1.0 1.0 97
1.0 1.0 0.5 1.5 98
0.6416176239051994 1.3583823760948004 1.0 1.0 99
0.3185343453249042 1.318534345324904 0.5 1.5 100
0.6691556322285516 1.3308443677714485 0.5 1.5 101
0.0 1.0163193581234484 0.0 1.0 102
0.0 1.0 0.0 2.0 103
0.10786618682676823 1.107866186826768 0.5 1.5 104
-0.2518125715310475 1.0 0.0 1.0 105
1.0 0.7435676087919991 1.0 1.0 106
0.8979212298225074 1.1020787701774926 0.5 1.5 107
0.8552454631731873 1.0 0.0 1.0 108
0.0 1.1330637480113412 0.0 1.0 109
0.0 0.6601137795774202 0.0 1.0 110
0.0 1.266162988761066 0.0 1.0 111
1.0 1.22401577037688 1.0 1.0 112
0.0 1.1652105403466708 0.0 1.0 113
-0.15170532697453878 1.0 0.0 1.0 114
1.0 0.3233694594773746 1.0 1.0 115
1.5829077530789928 1.0 1.0 1.0 116
0.0 0.4420396297864096 0.0 1.0 117
0.0 1.5835913675429023 0.0 1.0 118
1.0 1.2598090806538425 1.0 1.0 119
0.0 1.6308258279721244 0.0 1.0 120
0.0 0.28817562214571113 0.0 1.0 121
0.0 1.739955325420345 0.0 1.0 122
-0.7217215195415025 1.0 0.0 1.0 123
1.0 0.17210145295966622 1.0 1.0 124
1.0 1.7042558302429751 1.0 1.0 125
1.8144687512344069 1.0 1.0 1.0 126
0.0 1.8783717201459549 0.0 1.0 127
0.0 0.0 0.0 1.0 128
0.0 2.0 0.0 1.0 129
1.0 2.0 1.0 1.0 130
*** t = 45
0.7217822629257392 1.0 0.0 1.0 11
1.0 1.6435565812917046 1.0 2.0 34
0.9418891598273557 1.0 1.0 1.0 38
1.8172857149513015 1.0 2.0 1.0 42
0.6935874119474209 1.306412588052579 0.5 1.5 45
1.7033328392682145 1.0 2.0 1.0 49
-0.7050850861302779 1.0 -1.0 1.0 52
1.0 0.21135823740080767 1.0 0.0 58
0.0 0.14997347718545456 0.0 0.0 59
0.2979558279914927 1.2979558279914927 0.5 1.5 61
1.0 1.0 1.0 0.0 63
0.0 0.45893952858784237 0.0 0.0 64
0.9974025867299335 1.0025974132700666 1.0 1.0 66
-0.5074957293510127 1.0 -1.0 1.0 67
-0.3474108203389025 1.0 -1.0 1.0 71
1.0 1.2292366368891197 1.0 2.0 73
1.8029061755913203 1.0 2.0 1.0 75
0.8942726352722161 1.1057273647277839 1.0 1.0 77
0.0 0.7082198602626042 0.0 0.0 78
0.5124256741063589 1.487574325893641 0.5 1.5 79
0.17347516866983015 1.0 0.0 1.0 80
-0.8891470573667049 1.0 -1.0 1.0 81
-0.9005343278848689 1.0 -1.0 1.0 82
1.0 0.5818471678138851 1.0 0.0 83
0.6898876246763163 1.3101123753236836 1.0 1.0 84
0.5999682149950932 1.4000317850049069 1.0 1.0 85
0.8433542777108411 1.1566457222891589 1.0 1.0 86
0.0 1.1586602035913471 0.0 2.0 87
1.0 1.7239684150514116 1.0 2.0 88
1.6976510087099173 1.0 2.0 1.0 89
1.0 1.0 1.0 0.0 91
0.0 1.89542043954308 0.0 2.0 92
0.3274942579932555 1.0 1.0 1.0 93
1.6711899662677332 1.0 2.0 1.0 94
0.0 0.9061851201889592 0.0 0.0 95
0.3629606275862518 1.0 1.0 1.0 96
1.0 1.0 2.0 1.0 97
0.9334837307103129 1.066516269289687 0.5 1.5 98
0.7832352478103989 1.216764752189601 1.0 1.0 99
0.4247124604332056 1.4247124604332055 0.5 1.5 100
0.5588741763047355 1.4411258236952644 0.5 1.5 101
0.0 1.0 0.0 0.0 102
0.0 1.1417887338533386 0.0 2.0 103
0.21573237365353645 1.2157323736535366 0.5 1.5 104
-0.15828914297242846 1.0 0.0 1.0 105
1.0 0.836513559890999 1.0 1.0 106
0.7958424596450148 1.2041575403549851 0.5 1.5 107
0.7104909263463746 1.0 0.0 1.0 108
0.0 1.0092157120129615 0.0 1.0 109
0.0 0.7701327428403236 0.0 1.0 110
0.0 1.1438568202212434 0.0 1.0 111
1.0 1.0946850654396933 1.0 1.0 112
0.0 1.0 0.0 0.0 113
0.0 1.0 1.0 1.0 114
1.0 0.3880433513728495 1.0 1.0 115
1.4994893036947914 1.0 1.0 1.0 116
0.0 0.552549537233012 0.0 1.0 117
0.0 1.479489209428628 0.0 1.0 118
1.0 1.0747613508173033 1.0 1.0 119
0.0 1.5077677706294992 0.0 1.0 120
0.0 0.4322634332185667 0.0 1.0 121
0.0 1.6099329881305178 0.0 1.0 122
-0.5825822793122538 1.0 0.0 1.0 123
1.0 0.2581521794394993 1.0 1.0 124
1.0 1.556383745364463 1.0 1.0 125
1.72170312685161 1.0 1.0 1.0 126
0.0 1.7567434402919102 0.0 1.0 127
0.0 0.13543938322458898 0.0 1.0 128
0.0 1.871634175781798 0.0 1.0 129
1.0 1.8935733211949721 1.0 1.0 130
0.0 2.0 0.0 1.0 131
-1.0 1.0 0.0 1.0 132
1.0 0.0 1.0 1.0 133
2.0 1.0 1.0 1.0 134
*** t = 46
0.629043017234319 1.0 0.0 1.0 11
1.0 1.7722678975500454 1.0 2.0 34
1.0 1.0 2.0 1.0 38
1.9340408170872019 1.0 2.0 1.0 42
0.6323048943369051 1.3676951056630948 0.5 1.5 45
1.8038089591636737 1.0 2.0 1.0 49
-0.8058115270060319 1.0 -1.0 1.0 52
1.0 0.1396635317099721 1.0 0.0 58
0.0 0.0726983387477685 0.0 0.0 59
0.3724447849893659 1.372444784989366 0.5 1.5 61
1.0 0.8829540573620672 1.0 0.0 63
0.0 0.3913069696613227 0.0 0.0 64
1.0 1.0 1.0 2.0 66
-0.5799951192583003 1.0 -1.0 1.0 67
-0.4632144271185367 1.0 -1.0 1.0 71
1.0 1.3438549553336794 1.0 2.0 73
1.9634874107095843 1.0 2.0 1.0 75
0.9928407940902702 1.0071592059097298 1.0 1.0 77
0.0 0.6352748253282552 0.0 0.0 78
0.5 1.5 0.0 1.0 79
0.07015956475355893 1.0 0.0 1.0 80
1.0 0.4982166013766621 1.0 0.0 83
0.7848314370144744 1.2151685629855256 1.0 1.0 84
0.6999364299901865 1.3000635700098135 1.0 1.0 85
0.9578057036144548 1.042194296385545 1.0 1.0 86
0.0 1.2379903053870207 0.0 2.0 87
1.0 1.8446298175599805 1.0 2.0 88
1.8139261768282366 1.0 2.0 1.0 89
1.0 0.8519494597596622 1.0 0.0 91
0.436659010657674 1.0 1.0 1.0 93
1.80542795952128 1.0 2.0 1.0 94
0.0 0.8123702403779185 0.0 0.0 95
0.4839475034483358 1.0 1.0 1.0 96
1.0896401774051352 1.0 2.0 1.0 97
0.866967461420626 1.133032538579374 0.5 1.5 98
0.9248528717155984 1.0751471282844016 1.0 1.0 99
0.5 1.5 1.0 1.0 100
0.5 1.5 0.0 1.0 101
0.0 0.8907021509026053 0.0 0.0 102
0.0 1.2835774677066771 0.0 2.0 103
0.32359856048030466 1.3235985604803044 0.5 1.5 104
-0.0647657144138094 1.0 0.0 1.0 105
1.0 0.9294595109899988 1.0 1.0 106
0.6937636894675222 1.3062363105324777 0.5 1.5 107
0.5657363895195618 1.0 0.0 1.0 108
0.0 1.0 -1.0 1.0 109
0.0 0.880151706103227 0.0 1.0 110
0.0 1.0215506516814212 0.0 1.0 111
1.0 1.0 0.5 1.5 112
0.0 0.8330421080693341 0.0 0.0 113
0.16965893460509224 1.0 1.0 1.0 114
1.0 0.4527172432683244 1.0 1.0 115
1.41607085431059 1.0 1.0 1.0 116
0.0 0.6630594446796144 0.0 1.0 117
0.0 1.3753870513143533 0.0 1.0 118
1.0 1.0 1.0 0.0 119
0.0 1.3847097132868738 0.0 1.0 120
0.0 0.5763512442914223 0.0 1.0 121
0.0 1.4799106508406905 0.0 1.0 122
-0.4434430390830051 1.0 0.0 1.0 123
1.0 0.34420290591933245 1.0 1.0 124
1.0 1.4085116604859504 1.0 1.0 125
1.6289375024688135 1.0 1.0 1.0 126
0.0 1.635115160437865 0.0 1.0 127
0.0 0.27087876644917797 0.0 1.0 128
0.0 1.743268351563596 0.0 1.0 129
1.0 1.7871466423899443 1.0 1.0 130
0.0 1.8697015411958677 0.0 1.0 131
-0.8978574279207925 1.0 0.0 1.0 132
1.0 0.09910035321831767 1.0 1.0 133
1.9183478575639703 1.0 1.0 1.0 134
0.0 0.0 0.0 1.0 135
0.0 2.0 0.0 1.0 136
1.0 2.0 1.0 1.0 137
*** t = 47
0.5363037715428988 1.0 0.0 1.0 11
1.0 1.900979213808386 1.0 2.0 34
1.062792610655157 1.0 2.0 1.0 38
0.5710223767263892 1.4289776232736109 0.5 1.5 45
1.904285079059133 1.0 2.0 1.0 49
-0.9065379678817859 1.0 -1.0 1.0 52
1.0 0.06796882601913637 1.0 0.0 58
0.44693374198723906 1.4469337419872392 0.5 1.5 61
1.0 0.7659081147241343 1.0 0.0 63
0.0 0.3236744107348031 0.0 0.0 64
1.0 1.117238914018822 1.0 2.0 66
-0.6524945091655878 1.0 -1.0 1.0 67
-0.5790180338981709 1.0 -1.0 1.0 71
1.0 1.458473273778239 1.0 2.0 73
1.0 1.0 2.0 1.0 77
0.0 0.5623297903939063 0.0 0.0 78
0.430346524872337 1.430346524872337 0.0 1.0 79
0.0 1.0 -1.0 1.0 80
1.0 0.41458603493943913 1.0 0.0 83
0.8797752493526326 1.1202247506473675 1.0 1.0 84
0.7999046449852796 1.2000953550147204 1.0 1.0 85
1.0 1.0 1.0 2.0 86
0.0 1.3173204071826943 0.0 2.0 87
1.0 1.9652912200685488 1.0 2.0 88
1.9302013449465563 1.0 2.0 1.0 89
1.0 0.7038989195193244 1.0 0.0 91
0.5458237633220925 1.0 1.0 1.0 93
1.9396659527748268 1.0 2.0 1.0 94
0.0 0.7185553605668776 0.0 0.0 95
0.6049343793104198 1.0 1.0 1.0 96
1.1792803548102706 1.0 2.0 1.0 97
0.800451192130939 1.199548807869061 0.5 1.5 98
1.0 1.0 1.0 0.0 99
0.6061781151083013 1.3938218848916986 1.0 1.0 100
0.3897185440761839 1.389718544076184 0.0 1.0 101
0.0 0.7814043018052108 0.0 0.0 102
0.0 1.4253662015600157 0.0 2.0 103
0.4314647473070729 1.431464747307073 0.5 1.5 104
0.0 1.0 0.0 2.0 105
1.0 1.0 1.0 2.0 106
0.5916849192900296 1.4083150807099705 0.5 1.5 107
0.4209818526927491 1.0 0.0 1.0 108
-0.12384803599837985 1.0 -1.0 1.0 109
0.0 0.9901706693661303 0.0 1.0 110
0.0 1.0 0.5 1.5 111
0.9085493815232788 1.0914506184767212 0.5 1.5 112
0.0 0.6660842161386684 0.0 0.0 113
0.3393178692101845 1.0 1.0 1.0 114
1.0 0.5173911351637993 1.0 1.0 115
1.3326524049263884 1.0 1.0 1.0 116
0.0 0.7735693521262168 0.0 1.0 117
0.0 1.2712848932000789 0.0 1.0 118
1.0 0.8149522701634606 1.0 0.0 119
0.0 1.2616516559442486 0.0 1.0 120
0.0 0.7204390553642779 0.0 1.0 121
0.0 1.3498883135508628 0.0 1.0 122
-0.3043037988537563 1.0 0.0 1.0 123
1.0 0.4302536323991656 1.0 1.0 124
1.0 1.260639575607438 1.0 1.0 125
1.536171878086017 1.0 1.0 1.0 126
0.0 1.5134868805838204 0.0 1.0 127
0.0 0.406318149673767 0.0 1.0 128
0.0 1.614902527345394 0.0 1.0 129
1.0 1.6807199635849168 1.0 1.0 130
0.0 1.7394030823917352 0.0 1.0 131
-0.795714855841585 1.0 0.0 1.0 132
1.0 0.19820070643663534 1.0 1.0 133
1.8366957151279402 1.0 1.0 1.0 134
0.0 0.12726894812490133 0.0 1.0 135
0.0 1.8694896722899779 0.0 1.0 136
1.0 1.848298483992721 1.0 1.0 137
0.0 2.0 0.0 1.0 138
*** t = 48
0.44356452585147854 1.0 0.0 1.0 11
1.1255852213103141 1.0 2.0 1.0 38
0.5097398591158734 1.4902601408841267 0.5 1.5 45
0.5 1.5 1.0 1.0 61
1.0 0.6488621720862016 1.0 0.0 63
0.0 0.25604185180828337 0.0 0.0 64
1.0 1.2344778280376438 1.0 2.0 66
-0.7249938990728754 1.0 -1.0 1.0 67
-0.694821640677805 1.0 -1.0 1.0 71
1.0 1.5730915922227988 1.0 2.0 73
1.1393964270186372 1.0 2.0 1.0 77
0.0 0.4893847554595574 0.0 0.0 78
0.3606930497446739 1.360693049744674 0.0 1.0 79
-0.1033156039162712 1.0 -1.0 1.0 80
1.0 0.3309554685022161 1.0 0.0 83
0.9747190616907909 1.0252809383092092 1.0 1.0 84
0.8998728599803728 1.1001271400196273 1.0 1.0 85
1.0 1.16185875874583 1.0 2.0 86
0.0 1.3966505089783678 0.0 2.0 87
1.0 0.5558483792789867 1.0 0.0 91
0.654988515986511 1.0 1.0 1.0 93
0.0 0.624740480755837 0.0 0.0 95
0.7259212551725038 1.0 1.0 1.0 96
1.2689205322154058 1.0 2.0 1.0 97
0.7339349228412518 1.266065077158748 0.5 1.5 98
1.0 0.7997224356022147 1.0 0.0 99
0.7123562302166028 1.2876437697833973 1.0 1.0 100
0.27943708815236773 1.2794370881523678 0.0 1.0 101
0.0 0.6721064527078161 0.0 0.0 102
0.0 1.567154935413354 0.0 2.0 103
0.5 1.5 1.0 1.0 104
0.0 1.093523428558619 0.0 2.0 105
1.0 1.0929459510989998 1.0 2.0 106
0.5 1.5 0.0 1.0 107
0.27622731586593646 1.0 0.0 1.0 108
-0.2476960719967597 1.0 -1.0 1.0 109
0.0 1.0 1.0 1.0 110
0.08648352115545316 1.0864835211554533 0.5 1.5 111
0.8170987630465576 1.1829012369534424 0.5 1.5 112
0.0 0.4991263242080025 0.0 0.0 113
0.5089768038152767 1.0 1.0 1.0 114
1.0 0.5820650270592742 1.0 1.0 115
1.2492339555421872 1.0 1.0 1.0 116
0.0 0.8840792595728192 0.0 1.0 117
0.0 1.1671827350858044 0.0 1.0 118
1.0 0.6299045403269212 1.0 0.0 119
0.0 1.1385935986016233 0.0 1.0 120
0.0 0.8645268664371335 0.0 1.0 121
0.0 1.2198659762610355 0.0 1.0 122
-0.16516455862450768 1.0 0.0 1.0 123
1.0 0.5163043588789987 1.0 1.0 124
1.0 1.1127674907289256 1.0 1.0 125
1.4434062537032202 1.0 1.0 1.0 126
0.0 1.3918586007297753 0.0 1.0 127
0.0 0.5417575328983559 0.0 1.0 128
0.0 1.486536703127192 0.0 1.0 129
1.0 1.574293284779889 1.0 1.0 130
0.0 1.6091046235876028 0.0 1.0 131
-0.6935722837623775 1.0 0.0 1.0 132
1.0 0.297301059654953 1.0 1.0 133
1.7550435726919105 1.0 1.0 1.0 134
0.0 0.25453789624980266 0.0 1.0 135
0.0 1.7389793445799555 0.0 1.0 136
1.0 1.6965969679854418 1.0 1.0 137
0.0 1.8716642126213072 0.0 1.0 138
0.0 0.0 0.0 1.0 139
0.0 2.0 0.0 1.0 140
-1.0 1.0 0.0 1.0 141
1.0 0.0 1.0 1.0 142
1.0 2.0 1.0 1.0 143
2.0 1.0 1.0 1.0 144
*** t = 49
0.3508252801600584 1.0 0.0 1.0 11
1.188377831965471 1.0 2.0 1.0 38
0.5 1.5 0.0 1.0 45
0.5744889569978732 1.4255110430021267 1.0 1.0 61
1.0 0.5318162294482688 1.0 0.0 63
0.0 0.18840929288176383 0.0 0.0 64
1.0 1.3517167420564657 1.0 2.0 66
-0.7974932889801629 1.0 -1.0 1.0 67
-0.8106252474574392 1.0 -1.0 1.0 71
1.0 1.6877099106673585 1.0 2.0 73
1.2787928540372744 1.0 2.0 1.0 77
0.0 0.4164397205252084 0.0 0.0 78
0.2910395746170109 1.291039574617011 0.0 1.0 79
-0.2066312078325424 1.0 -1.0 1.0 80
1.0 0.24732490206499308 1.0 0.0 83
1.0 1.0 1.0 2.0 84
0.999841074975466 1.000158925024534 1.0 1.0 85
1.0 1.3237175174916598 1.0 2.0 86
0.0 1.4759806107740414 0.0 2.0 87
1.0 0.4077978390386489 1.0 0.0 91
0.7641532686509295 1.0 1.0 1.0 93
0.0 0.5309256009447961 0.0 0.0 95
0.8469081310345878 1.0 1.0 1.0 96
1.358560709620541 1.0 2.0 1.0 97
0.6674186535515648 1.3325813464484353 0.5 1.5 98
1.0 0.5994448712044295 1.0 0.0 99
0.8185343453249042 1.1814656546750957 1.0 1.0 100
0.16915563222855157 1.1691556322285515 0.0 1.0 101
0.0 0.5628086036104215 0.0 0.0 102
0.0 1.7089436692666928 0.0 2.0 103
0.6078661868267683 1.392133813173232 1.0 1.0 104
0.0 1.1870468571172381 0.0 2.0 105
1.0 1.1858919021979997 1.0 2.0 106
0.3979212298225074 1.3979212298225072 0.0 1.0 107
0.1314727790391237 1.0 0.0 1.0 108
-0.37154410799513954 1.0 -1.0 1.0 109
0.11001896326290338 1.0 1.0 1.0 110
0.17296704231090632 1.1729670423109062 0.5 1.5 111
0.7256481445698364 1.2743518554301636 0.5 1.5 112
0.0 0.3321684322773368 0.0 0.0 113
0.678635738420369 1.0 1.0 1.0 114
1.0 0.6467389189547491 1.0 1.0 115
1.1658155061579858 1.0 1.0 1.0 116
0.0 0.9945891670194216 0.0 1.0 117
0.0 1.06308057697153 0.0 1.0 118
1.0 0.4448568104903819 1.0 0.0 119
0.0 1.0155355412589981 0.0 1.0 120
0.0 1.0 1.0 1.0 121
0.0 1.0898436389712083 0.0 1.0 122
-0.02602531839525895 1.0 0.0 1.0 123
1.0 0.6023550853588319 1.0 1.0 124
1.0 1.0 0.5 1.5 125
1.3506406293204236 1.0 1.0 1.0 126
0.0 1.2702303208757304 0.0 1.0 127
0.0 0.677196916122945 0.0 1.0 128
0.0 1.3581708789089901 0.0 1.0 129
1.0 1.467866605974861 1.0 1.0 130
0.0 1.4788061647834703 0.0 1.0 131
-0.5914297116831699 1.0 0.0 1.0 132
1.0 0.3964014128732707 1.0 1.0 133
1.6733914302558803 1.0 1.0 1.0 134
0.0 0.381806844374704 0.0 1.0 135
0.0 1.6084690168699334 0.0 1.0 136
1.0 1.5448954519781626 1.0 1.0 137
0.0 1.7433284252426142 0.0 1.0 138
0.0 0.15661617603240874 0.0 1.0 139
0.0 1.8395078236102196 0.0 1.0 140
-0.8677191391150154 1.0 0.0 1.0 141
1.0 0.10331704029913848 1.0 1.0 142
1.0 1.9016721578748048 1.0 1.0 143
1.8650945074218472 1.0 1.0 1.0 144
0.0 2.0 0.0 1.0 145
