*** t = 0
*** t = 1
*** t = 2
0.0 0.0 0.0 1.0 1
4.0 2.0 4.0 1.0 2
*** t = 3
0.0 0.13065009024229848 0.0 1.0 1
4.0 1.9208873002085864 4.0 1.0 2
4.0 0.0 4.0 1.0 3
5.0 1.0 4.0 1.0 4
*** t = 4
0.0 0.26130018048459697 0.0 1.0 1
4.0 1.841774600417173 4.0 1.0 2
4.0 0.1042494072583799 4.0 1.0 3
4.890588898398178 1.0 4.0 1.0 4
0.0 0.0 0.0 1.0 5
4.0 2.0 4.0 1.0 6
*** t = 5
0.0 0.3919502707268955 0.0 1.0 1
4.0 1.7626619006257593 4.0 1.0 2
4.0 0.2084988145167598 4.0 1.0 3
4.7811777967963565 1.0 4.0 1.0 4
0.0 0.15361683390482764 0.0 1.0 5
4.0 1.9597244678398313 4.0 1.0 6
0.0 2.0 0.0 1.0 7
*** t = 6
0.0 0.5226003609691939 0.0 1.0 1
4.0 1.683549200834346 4.0 1.0 2
4.0 0.3127482217751397 4.0 1.0 3
4.671766695194536 1.0 4.0 1.0 4
0.0 0.3072336678096553 0.0 1.0 5
4.0 1.9194489356796627 4.0 1.0 6
0.0 1.9164826308336387 0.0 1.0 7
0.0 0.0 0.0 1.0 8
4.0 0.0 4.0 1.0 9
4.0 2.0 4.0 1.0 10
5.0 1.0 4.0 1.0 11
*** t = 7
0.0 0.6532504512114925 0.0 1.0 1
4.0 1.6044365010429322 4.0 1.0 2
4.0 0.4169976290335196 4.0 1.0 3
4.562355593592714 1.0 4.0 1.0 4
0.0 0.46085050171448294 0.0 1.0 5
4.0 1.879173403519494 4.0 1.0 6
0.0 1.8329652616672771 0.0 1.0 7
0.0 0.10298063640060579 0.0 1.0 8
4.0 0.06717605136525844 4.0 1.0 9
4.0 1.8514035785557172 4.0 1.0 10
4.882746630213854 1.0 4.0 1.0 11
*** t = 8
0.0 0.7839005414537908 0.0 1.0 1
4.0 1.5253238012515187 4.0 1.0 2
4.0 0.5212470362918995 4.0 1.0 3
4.452944491990892 1.0 4.0 1.0 4
0.0 0.6144673356193106 0.0 1.0 5
4.0 1.8388978713593251 4.0 1.0 6
0.0 1.7494478925009156 0.0 1.0 7
0.0 0.20596127280121157 0.0 1.0 8
4.0 0.13435210273051687 4.0 1.0 9
4.0 1.702807157111434 4.0 1.0 10
4.765493260427707 1.0 4.0 1.0 11
0.0 0.0 0.0 1.0 12
4.0 2.0 4.0 1.0 13
*** t = 9
0.0 0.9145506316960893 0.0 1.0 1
4.0 1.4462111014601051 4.0 1.0 2
4.0 0.6254964435502794 4.0 1.0 3
4.34353339038907 1.0 4.0 1.0 4
0.0 0.7680841695241383 0.0 1.0 5
4.0 1.7986223391991567 4.0 1.0 6
0.0 1.6659305233345543 0.0 1.0 7
0.0 0.30894190920181736 0.0 1.0 8
4.0 0.2015281540957753 4.0 1.0 9
4.0 1.5542107356671513 4.0 1.0 10
4.648239890641562 1.0 4.0 1.0 11
0.0 0.08199980084287954 0.0 1.0 12
4.0 1.9158619679843605 4.0 1.0 13
4.0 0.0 4.0 1.0 14
5.0 1.0 4.0 1.0 15
*** t = 10
0.0 1.0 4.0 1.0 1
4.0 1.3670984016686918 4.0 1.0 2
4.0 0.7297458508086594 4.0 1.0 3
4.2341222887872485 1.0 4.0 1.0 4
0.0 0.9217010034289658 0.0 1.0 5
4.0 1.758346807038988 4.0 1.0 6
0.0 1.582413154168193 0.0 1.0 7
0.0 0.41192254560242314 0.0 1.0 8
4.0 0.26870420546103374 4.0 1.0 9
4.0 1.4056143142228685 4.0 1.0 10
4.530986520855416 1.0 4.0 1.0 11
0.0 0.16399960168575908 0.0 1.0 12
4.0 1.831723935968721 4.0 1.0 13
4.0 0.1519379375288008 4.0 1.0 14
4.8391763012351445 1.0 4.0 1.0 15
0.0 0.0 0.0 1.0 16
0.0 2.0 0.0 1.0 17
4.0 2.0 4.0 1.0 18
*** t = 11
0.13065009024229848 1.0 4.0 1.0 1
4.0 1.2879857018772782 4.0 1.0 2
4.0 0.8339952580670393 4.0 1.0 3
4.124711187185427 1.0 4.0 1.0 4
0.0 1.0 0.0 2.0 5
4.0 1.7180712748788194 4.0 1.0 6
0.0 1.4988957850018314 0.0 1.0 7
0.0 0.514903182003029 0.0 1.0 8
4.0 0.33588025682629224 4.0 1.0 9
4.0 1.2570178927785856 4.0 1.0 10
4.41373315106927 1.0 4.0 1.0 11
0.0 0.2459994025286386 0.0 1.0 12
4.0 1.7475859039530814 4.0 1.0 13
4.0 0.3038758750576016 4.0 1.0 14
4.678352602470289 1.0 4.0 1.0 15
0.0 0.14652065615267415 0.0 1.0 16
0.0 1.8511542556469214 0.0 1.0 17
4.0 1.8984970738927487 4.0 1.0 18
*** t = 12
0.26130018048459697 1.0 4.0 1.0 1
4.0 1.2088730020858645 4.0 1.0 2
4.0 0.9382446653254193 4.0 1.0 3
4.015300085583605 1.0 4.0 1.0 4
0.0 1.1536168339048276 0.0 2.0 5
4.0 1.6777957427186507 4.0 1.0 6
0.0 1.4153784158354699 0.0 1.0 7
0.0 0.6178838184036348 0.0 1.0 8
4.0 0.40305630819155064 4.0 1.0 9
4.0 1.1084214713343028 4.0 1.0 10
4.296479781283123 1.0 4.0 1.0 11
0.0 0.32799920337151817 0.0 1.0 12
4.0 1.663447871937442 4.0 1.0 13
4.0 0.4558138125864024 4.0 1.0 14
4.5175289037054345 1.0 4.0 1.0 15
0.0 0.2930413123053483 0.0 1.0 16
0.0 1.702308511293843 0.0 1.0 17
4.0 1.7969941477854974 4.0 1.0 18
0.0 0.0 0.0 1.0 19
4.0 0.0 4.0 1.0 20
4.0 2.0 4.0 1.0 21
5.0 1.0 4.0 1.0 22
*** t = 13
0.3919502707268955 1.0 4.0 1.0 1
4.0 1.129760302294451 4.0 1.0 2
4.0 1.0 0.0 1.0 3
4.0 1.0 4.0 2.0 4
0.0 1.3072336678096554 0.0 2.0 5
4.0 1.637520210558482 4.0 1.0 6
0.0 1.3318610466691085 0.0 1.0 7
0.0 0.7208644548042407 0.0 1.0 8
4.0 0.4702323595568091 4.0 1.0 9
4.0 1.0 0.0 1.0 10
4.179226411496977 1.0 4.0 1.0 11
0.0 0.4099990042143978 0.0 1.0 12
4.0 1.5793098399218024 4.0 1.0 13
4.0 0.6077517501152032 4.0 1.0 14
4.356705204940579 1.0 4.0 1.0 15
0.0 0.43956196845802237 0.0 1.0 16
0.0 1.5534627669407646 0.0 1.0 17
4.0 1.695491221678246 4.0 1.0 18
0.0 0.09319344288009024 0.0 1.0 19
4.0 0.16617411757899675 4.0 1.0 20
4.0 1.8353250670798502 4.0 1.0 21
4.8819550267082175 1.0 4.0 1.0 22
*** t = 14
0.5226003609691939 1.0 4.0 1.0 1
4.0 1.0506476025030376 4.0 1.0 2
3.8957505927416203 1.0 0.0 1.0 3
4.0 1.1094111016018215 4.0 2.0 4
0.0 1.460850501714483 0.0 2.0 5
4.0 1.5972446783983134 4.0 1.0 6
0.0 1.2483436775027472 0.0 1.0 7
0.0 0.8238450912048465 0.0 1.0 8
4.0 0.5374084109220675 4.0 1.0 9
3.851403578555717 1.0 0.0 1.0 10
4.061973041710831 1.0 4.0 1.0 11
0.0 0.4919988050572773 0.0 1.0 12
4.0 1.4951718079061629 4.0 1.0 13
4.0 0.759689687644004 4.0 1.0 14
4.195881506175724 1.0 4.0 1.0 15
0.0 0.5860826246106966 0.0 1.0 16
0.0 1.4046170225876862 0.0 1.0 17
4.0 1.5939882955709948 4.0 1.0 18
0.0 0.18638688576018048 0.0 1.0 19
4.0 0.3323482351579935 4.0 1.0 20
4.0 1.6706501341597002 4.0 1.0 21
4.763910053416435 1.0 4.0 1.0 22
0.0 0.0 0.0 1.0 23
4.0 2.0 4.0 1.0 24
*** t = 15
0.6532504512114925 1.0 4.0 1.0 1
4.0 1.0 4.0 0.0 2
3.79150118548324 1.0 0.0 1.0 3
4.0 1.2188222032036433 4.0 2.0 4
0.0 1.6144673356193107 0.0 2.0 5
4.0 1.5569691462381448 4.0 1.0 6
0.0 1.164826308336386 0.0 1.0 7
0.0 0.9268257276054525 0.0 1.0 8
4.0 0.6045844622873259 4.0 1.0 9
3.7028071571114345 1.0 0.0 1.0 10
4.0 1.0 4.0 2.0 11
0.0 0.5739986059001568 0.0 1.0 12
4.0 1.4110337758905234 4.0 1.0 13
4.0 0.9116276251728048 4.0 1.0 14
4.035057807410869 1.0 4.0 1.0 15
0.0 0.7326032807633708 0.0 1.0 16
0.0 1.2557712782346075 0.0 1.0 17
4.0 1.4924853694637437 4.0 1.0 18
0.0 0.2795803286402707 0.0 1.0 19
4.0 0.49852235273699025 4.0 1.0 20
4.0 1.50597520123955 4.0 1.0 21
4.6458650801246515 1.0 4.0 1.0 22
0.0 0.12861485847552565 0.0 1.0 23
4.0 1.8800353006406911 4.0 1.0 24
0.0 2.0 0.0 1.0 25
4.0 0.0 4.0 1.0 26
5.0 1.0 4.0 1.0 27
*** t = 16
0.7839005414537908 1.0 4.0 1.0 1
4.0 0.9208873002085864 4.0 0.0 2
3.6872517782248604 1.0 0.0 1.0 3
4.0 1.328233304805465 4.0 2.0 4
0.0 1.7680841695241383 0.0 2.0 5
4.0 1.5166936140779759 4.0 1.0 6
0.0 1.0813089391700244 0.0 1.0 7
0.0 1.0 4.0 1.0 8
4.0 0.6717605136525843 4.0 1.0 9
3.554210735667151 1.0 0.0 1.0 10
4.0 1.117253369786146 4.0 2.0 11
0.0 0.6559984067430363 0.0 1.0 12
4.0 1.3268957438748838 4.0 1.0 13
4.0 1.0 0.0 1.0 14
4.0 1.0 4.0 0.0 15
0.0 0.879123936916045 0.0 1.0 16
0.0 1.106925533881529 0.0 1.0 17
4.0 1.3909824433564921 4.0 1.0 18
0.0 0.37277377152036095 0.0 1.0 19
4.0 0.664696470315987 4.0 1.0 20
4.0 1.3413002683194002 4.0 1.0 21
4.527820106832868 1.0 4.0 1.0 22
0.0 0.2572297169510513 0.0 1.0 23
4.0 1.7600706012813823 4.0 1.0 24
0.0 1.8810808571795605 0.0 1.0 25
4.0 0.11226164130178316 4.0 1.0 26
4.870319512460082 1.0 4.0 1.0 27
0.0 0.0 0.0 1.0 28
4.0 2.0 4.0 1.0 29
*** t = 17
0.9145506316960893 1.0 4.0 1.0 1
4.0 0.841774600417173 4.0 0.0 2
3.5830023709664807 1.0 0.0 1.0 3
4.0 1.4376444064072864 4.0 2.0 4
0.0 1.9217010034289657 0.0 2.0 5
4.0 1.4764180819178074 4.0 1.0 6
0.0 1.0 4.0 1.0 7
0.10298063640060579 1.0 4.0 1.0 8
4.0 0.7389365650178427 4.0 1.0 9
3.405614314222868 1.0 0.0 1.0 10
4.0 1.2345067395722922 4.0 2.0 11
0.0 0.7379982075859158 0.0 1.0 12
4.0 1.2427577118592443 4.0 1.0 13
3.848062062471199 1.0 0.0 1.0 14
4.0 0.8391763012351449 4.0 0.0 15
0.0 1.0 4.0 1.0 16
0.0 1.0 4.0 1.0 17
4.0 1.289479517249241 4.0 1.0 18
0.0 0.46596721440045114 0.0 1.0 19
4.0 0.8308705878949838 4.0 1.0 20
4.0 1.1766253353992504 4.0 1.0 21
4.4097751335410855 1.0 4.0 1.0 22
0.0 0.3858445754265769 0.0 1.0 23
4.0 1.640105901922073 4.0 1.0 24
0.0 1.7621617143591208 0.0 1.0 25
4.0 0.22452328260356633 4.0 1.0 26
4.7406390249201635 1.0 4.0 1.0 27
0.0 0.09337426525623523 0.0 1.0 28
4.0 1.8949501648289253 4.0 1.0 29
*** t = 18
1.0452007219383879 1.0 4.0 1.0 1
4.0 0.7626619006257594 4.0 0.0 2
3.4787529637081 1.0 0.0 1.0 3
4.0 1.5470555080091082 4.0 2.0 4
4.0 1.4361425497576386 4.0 1.0 6
0.08351736916636142 1.0 4.0 1.0 7
0.20596127280121157 1.0 4.0 1.0 8
4.0 0.8061126163831012 4.0 1.0 9
3.2570178927785856 1.0 0.0 1.0 10
4.0 1.3517601093584384 4.0 2.0 11
0.0 0.8199980084287953 0.0 1.0 12
4.0 1.1586196798436048 4.0 1.0 13
3.6961241249423984 1.0 0.0 1.0 14
4.0 0.6783526024702897 4.0 0.0 15
0.14652065615267415 1.0 4.0 1.0 16
0.14884574435307849 1.0 4.0 1.0 17
4.0 1.1879765911419897 4.0 1.0 18
0.0 0.5591606572805414 0.0 1.0 19
4.0 0.9970447054739806 4.0 1.0 20
4.0 1.0119504024791006 4.0 1.0 21
4.291730160249303 1.0 4.0 1.0 22
0.0 0.5144594339021026 0.0 1.0 23
4.0 1.520141202562764 4.0 1.0 24
0.0 1.6432425715386814 0.0 1.0 25
4.0 0.3367849239053495 4.0 1.0 26
4.610958537380245 1.0 4.0 1.0 27
0.0 0.18674853051247045 0.0 1.0 28
4.0 1.7899003296578508 4.0 1.0 29
0.0 0.0 0.0 1.0 30
4.0 0.0 4.0 1.0 31
4.0 2.0 4.0 1.0 32
5.0 1.0 4.0 1.0 33
*** t = 19
1.1758508121806863 1.0 4.0 1.0 1
4.0 0.6835492008343459 4.0 0.0 2
3.3745035564497203 1.0 0.0 1.0 3
4.0 1.65646660961093 4.0 2.0 4
4.0 1.3958670175974701 4.0 1.0 6
0.16703473833272284 1.0 4.0 1.0 7
0.30894190920181736 1.0 4.0 1.0 8
4.0 0.8732886677483594 4.0 1.0 9
3.1084214713343026 1.0 0.0 1.0 10
4.0 1.4690134791445846 4.0 2.0 11
0.0 0.9019978092716748 0.0 1.0 12
4.0 1.0744816478279653 4.0 1.0 13
3.5441861874135974 1.0 0.0 1.0 14
4.0 0.5175289037054344 4.0 0.0 15
0.2930413123053483 1.0 4.0 1.0 16
0.29769148870615697 1.0 4.0 1.0 17
4.0 1.0864736650347384 4.0 1.0 18
0.0 0.6523541001606317 0.0 1.0 19
4.0 1.0 4.0 2.0 20
4.0 1.0 4.0 0.0 21
4.17368518695752 1.0 4.0 1.0 22
0.0 0.6430742923776281 0.0 1.0 23
4.0 1.4001765032034552 4.0 1.0 24
0.0 1.5243234287182421 0.0 1.0 25
4.0 0.44904656520713265 4.0 1.0 26
4.481278049840327 1.0 4.0 1.0 27
0.0 0.2801227957687057 0.0 1.0 28
4.0 1.6848504944867762 4.0 1.0 29
0.0 0.13937410886303478 0.0 1.0 30
4.0 0.11561120418629484 4.0 1.0 31
4.0 1.9388370814384637 4.0 1.0 32
4.875224688492776 1.0 4.0 1.0 33
*** t = 20
1.306500902422985 1.0 4.0 1.0 1
4.0 0.6044365010429322 4.0 0.0 2
3.2702541491913406 1.0 0.0 1.0 3
4.0 1.7658777112127515 4.0 2.0 4
4.0 1.3555914854373015 4.0 1.0 6
0.25055210749908424 1.0 4.0 1.0 7
0.41192254560242314 1.0 4.0 1.0 8
4.0 0.9404647191136177 4.0 1.0 9
2.95982504989002 1.0 0.0 1.0 10
4.0 1.5862668489307306 4.0 2.0 11
0.0 0.9839976101145544 0.0 1.0 12
4.0 1.0 0.0 1.0 13
3.392248249884797 1.0 0.0 1.0 14
4.0 0.3567052049405792 4.0 0.0 15
0.43956196845802237 1.0 4.0 1.0 16
0.4465372330592354 1.0 4.0 1.0 17
4.0 1.0 5.0 1.0 18
0.0 0.7455475430407219 0.0 1.0 19
4.0 1.1661741175789968 4.0 2.0 20
4.0 0.8353250670798501 4.0 0.0 21
4.055640213665737 1.0 4.0 1.0 22
0.0 0.7716891508531539 0.0 1.0 23
4.0 1.2802118038441461 4.0 1.0 24
0.0 1.4054042858978024 0.0 1.0 25
4.0 0.5613082065089158 4.0 1.0 26
4.351597562300409 1.0 4.0 1.0 27
0.0 0.3734970610249409 0.0 1.0 28
4.0 1.5798006593157012 4.0 1.0 29
0.0 0.27874821772606956 0.0 1.0 30
4.0 0.23122240837258967 4.0 1.0 31
4.0 1.8776741628769276 4.0 1.0 32
4.750449376985553 1.0 4.0 1.0 33
0.0 0.0 0.0 1.0 34
0.0 2.0 0.0 1.0 35
4.0 2.0 4.0 1.0 36
*** t = 21
1.4371509926652832 1.0 4.0 1.0 1
4.0 0.5253238012515188 4.0 0.0 2
3.1660047419329604 1.0 0.0 1.0 3
4.0 1.875288812814573 4.0 2.0 4
4.0 1.3153159532771326 4.0 1.0 6
0.3340694766654457 1.0 4.0 1.0 7
0.514903182003029 1.0 4.0 1.0 8
4.0 1.0 5.0 1.0 9
2.811228628445737 1.0 0.0 1.0 10
4.0 1.7035202187168768 4.0 2.0 11
0.0 1.0 0.0 2.0 12
3.9158619679843607 1.0 0.0 1.0 13
3.2403103123559958 1.0 0.0 1.0 14
4.0 0.19588150617572395 4.0 0.0 15
0.5860826246106966 1.0 4.0 1.0 16
0.5953829774123139 1.0 4.0 1.0 17
4.101502926107251 1.0 5.0 1.0 18
0.0 0.8387409859208121 0.0 1.0 19
4.0 1.3323482351579934 4.0 2.0 20
4.0 0.6706501341597001 4.0 0.0 21
4.0 1.0 4.0 2.0 22
0.0 0.9003040093286796 0.0 1.0 23
4.0 1.1602471044848373 4.0 1.0 24
0.0 1.286485143077363 0.0 1.0 25
4.0 0.673569847810699 4.0 1.0 26
4.221917074760491 1.0 4.0 1.0 27
0.0 0.4668713262811761 0.0 1.0 28
4.0 1.4747508241446265 4.0 1.0 29
0.0 0.4181223265891043 0.0 1.0 30
4.0 0.3468336125588845 4.0 1.0 31
4.0 1.8165112443153912 4.0 1.0 32
4.625674065478329 1.0 4.0 1.0 33
0.0 0.12581810338209434 0.0 1.0 34
0.0 1.8675337288453864 0.0 1.0 35
4.0 1.8466877618367739 4.0 1.0 36
4.0 0.0 4.0 1.0 37
5.0 1.0 4.0 1.0 38
*** t = 22
1.5678010829075817 1.0 4.0 1.0 1
4.0 0.44621110146010523 4.0 0.0 2
3.0617553346745807 1.0 0.0 1.0 3
4.0 1.9846999144163948 4.0 2.0 4
4.0 1.2750404211169641 4.0 1.0 6
0.4175868458318071 1.0 4.0 1.0 7
0.6178838184036348 1.0 4.0 1.0 8
4.067176051365259 1.0 5.0 1.0 9
2.6626322070014545 1.0 0.0 1.0 10
4.0 1.820773588503023 4.0 2.0 11
0.0 1.0819998008428795 0.0 2.0 12
3.831723935968721 1.0 0.0 1.0 13
3.088372374827195 1.0 0.0 1.0 14
4.0 0.03505780741086866 4.0 0.0 15
0.7326032807633708 1.0 4.0 1.0 16
0.7442287217653925 1.0 4.0 1.0 17
4.203005852214503 1.0 5.0 1.0 18
0.0 0.9319344288009023 0.0 1.0 19
4.0 1.4985223527369902 4.0 2.0 20
4.0 0.5059752012395502 4.0 0.0 21
4.0 1.118044973291783 4.0 2.0 22
0.0 1.0 4.0 1.0 23
4.0 1.0402824051255282 4.0 1.0 24
0.0 1.1675660002569235 0.0 1.0 25
4.0 0.7858314891124821 4.0 1.0 26
4.092236587220572 1.0 4.0 1.0 27
0.0 0.5602455915374114 0.0 1.0 28
4.0 1.369700988973552 4.0 1.0 29
0.0 0.5574964354521391 0.0 1.0 30
4.0 0.46244481674517934 4.0 1.0 31
4.0 1.7553483257538551 4.0 1.0 32
4.500898753971105 1.0 4.0 1.0 33
0.0 0.2516362067641887 0.0 1.0 34
0.0 1.7350674576907723 0.0 1.0 35
4.0 1.6933755236735477 4.0 1.0 36
4.0 0.11791321267200944 4.0 1.0 37
4.858031577100808 1.0 4.0 1.0 38
0.0 0.0 0.0 1.0 39
4.0 2.0 4.0 1.0 40
*** t = 23
1.6984511731498801 1.0 4.0 1.0 1
4.0 0.36709840166869173 4.0 0.0 2
2.957505927416201 1.0 0.0 1.0 3
4.0 1.2347648889567955 4.0 1.0 6
0.5011042149981685 1.0 4.0 1.0 7
0.7208644548042407 1.0 4.0 1.0 8
4.134352102730516 1.0 5.0 1.0 9
2.514035785557171 1.0 0.0 1.0 10
4.0 1.9380269582891687 4.0 2.0 11
0.0 1.1639996016857592 0.0 2.0 12
3.7475859039530817 1.0 0.0 1.0 13
2.936434437298394 1.0 0.0 1.0 14
0.879123936916045 1.0 4.0 1.0 16
0.893074466118471 1.0 4.0 1.0 17
4.304508778321754 1.0 5.0 1.0 18
0.0 1.0 4.0 1.0 19
4.0 1.664696470315987 4.0 2.0 20
4.0 0.3413002683194003 4.0 0.0 21
4.0 1.2360899465835657 4.0 2.0 22
0.12861485847552565 1.0 4.0 1.0 23
4.0 1.0 0.0 1.0 24
0.0 1.048646857436484 0.0 1.0 25
4.0 0.8980931304142653 4.0 1.0 26
4.0 1.0 4.0 0.0 27
0.0 0.6536198567936466 0.0 1.0 28
4.0 1.2646511538024772 4.0 1.0 29
0.0 0.6968705443151739 0.0 1.0 30
4.0 0.5780560209314742 4.0 1.0 31
4.0 1.6941854071923188 4.0 1.0 32
4.376123442463881 1.0 4.0 1.0 33
0.0 0.3774543101462831 0.0 1.0 34
0.0 1.6026011865361587 0.0 1.0 35
4.0 1.5400632855103213 4.0 1.0 36
4.0 0.23582642534401888 4.0 1.0 37
4.716063154201616 1.0 4.0 1.0 38
0.0 0.06599964795539236 0.0 1.0 39
4.0 1.8945715641103404 4.0 1.0 40
*** t = 24
1.8291012633921786 1.0 4.0 1.0 1
4.0 0.2879857018772782 4.0 0.0 2
2.8532565201578213 1.0 0.0 1.0 3
4.0 1.1944893567966266 4.0 1.0 6
0.5846215841645299 1.0 4.0 1.0 7
0.8238450912048465 1.0 4.0 1.0 8
4.201528154095776 1.0 5.0 1.0 9
2.365439364112888 1.0 0.0 1.0 10
0.0 1.2459994025286385 0.0 2.0 12
3.663447871937442 1.0 0.0 1.0 13
2.7844964997695936 1.0 0.0 1.0 14
1.025644593068719 1.0 4.0 1.0 16
1.0419202104715495 1.0 4.0 1.0 17
4.406011704429005 1.0 5.0 1.0 18
0.09319344288009024 1.0 4.0 1.0 19
4.0 1.8308705878949838 4.0 2.0 20
4.0 0.17662533539925035 4.0 0.0 21
4.0 1.3541349198753485 4.0 2.0 22
0.2572297169510513 1.0 4.0 1.0 23
3.880035300640691 1.0 0.0 1.0 24
0.0 1.0 4.0 1.0 25
4.0 1.0 0.0 1.0 26
4.0 0.8703195124600818 4.0 0.0 27
0.0 0.7469941220498819 0.0 1.0 28
4.0 1.1596013186314027 4.0 1.0 29
0.0 0.8362446531782087 0.0 1.0 30
4.0 0.6936672251177691 4.0 1.0 31
4.0 1.6330224886307823 4.0 1.0 32
4.251348130956658 1.0 4.0 1.0 33
0.0 0.5032724135283774 0.0 1.0 34
0.0 1.470134915381545 0.0 1.0 35
4.0 1.3867510473470952 4.0 1.0 36
4.0 0.3537396380160283 4.0 1.0 37
4.574094731302424 1.0 4.0 1.0 38
0.0 0.13199929591078471 0.0 1.0 39
4.0 1.789143128220681 4.0 1.0 40
0.0 0.0 0.0 1.0 41
4.0 0.0 4.0 1.0 42
4.0 2.0 4.0 1.0 43
5.0 1.0 4.0 1.0 44
*** t = 25
1.9597513536344768 1.0 4.0 1.0 1
4.0 0.20887300208586454 4.0 0.0 2
2.7490071128994407 1.0 0.0 1.0 3
4.0 1.154213824636458 4.0 1.0 6
0.6681389533308913 1.0 4.0 1.0 7
0.9268257276054525 1.0 4.0 1.0 8
4.268704205461034 1.0 5.0 1.0 9
2.216842942668605 1.0 0.0 1.0 10
0.0 1.3279992033715182 0.0 2.0 12
3.5793098399218026 1.0 0.0 1.0 13
2.6325585622407925 1.0 0.0 1.0 14
1.1721652492213932 1.0 4.0 1.0 16
1.1907659548246279 1.0 4.0 1.0 17
4.507514630536257 1.0 5.0 1.0 18
0.18638688576018048 1.0 4.0 1.0 19
4.0 1.9970447054739804 4.0 2.0 20
4.0 0.011950402479100574 4.0 0.0 21
4.0 1.4721798931671315 4.0 2.0 22
0.3858445754265769 1.0 4.0 1.0 23
3.7600706012813823 1.0 0.0 1.0 24
0.11891914282043951 1.0 4.0 1.0 25
3.887738358698217 1.0 0.0 1.0 26
4.0 0.7406390249201635 4.0 0.0 27
0.0 0.8403683873061172 0.0 1.0 28
4.0 1.0545514834603278 4.0 1.0 29
0.0 0.9756187620412436 0.0 1.0 30
4.0 0.809278429304064 4.0 1.0 31
4.0 1.5718595700692461 4.0 1.0 32
4.126572819449434 1.0 4.0 1.0 33
0.0 0.6290905169104717 0.0 1.0 34
0.0 1.3376686442269312 0.0 1.0 35
4.0 1.233438809183869 4.0 1.0 36
4.0 0.47165285068803775 4.0 1.0 37
4.432126308403231 1.0 4.0 1.0 38
0.0 0.19799894386617706 0.0 1.0 39
4.0 1.6837146923310216 4.0 1.0 40
0.0 0.13961312636555911 0.0 1.0 41
4.0 0.13695258659171064 4.0 1.0 42
4.0 1.8826244594058945 4.0 1.0 43
4.847398303764601 1.0 4.0 1.0 44
0.0 2.0 0.0 1.0 45
*** t = 26
2.0904014438767757 1.0 4.0 1.0 1
4.0 0.129760302294451 4.0 0.0 2
2.644757705641061 1.0 0.0 1.0 3
4.0 1.1139382924762895 4.0 1.0 6
0.7516563224972528 1.0 4.0 1.0 7
1.0298063640060582 1.0 4.0 1.0 8
4.335880256826292 1.0 5.0 1.0 9
2.068246521224322 1.0 0.0 1.0 10
0.0 1.4099990042143977 0.0 2.0 12
3.495171807906163 1.0 0.0 1.0 13
2.480620624711992 1.0 0.0 1.0 14
1.3186859053740674 1.0 4.0 1.0 16
1.3396116991777063 1.0 4.0 1.0 17
4.609017556643508 1.0 5.0 1.0 18
0.2795803286402707 1.0 4.0 1.0 19
4.0 1.5902248664589143 4.0 2.0 22
0.5144594339021026 1.0 4.0 1.0 23
3.640105901922073 1.0 0.0 1.0 24
0.23783828564087903 1.0 4.0 1.0 25
3.7754767173964336 1.0 0.0 1.0 26
4.0 0.6109585373802452 4.0 0.0 27
0.0 0.9337426525623524 0.0 1.0 28
4.0 1.0 0.0 1.0 29
0.0 1.0 4.0 1.0 30
4.0 0.9248896334903588 4.0 1.0 31
4.0 1.5106966515077098 4.0 1.0 32
4.001797507942211 1.0 4.0 1.0 33
0.0 0.754908620292566 0.0 1.0 34
0.0 1.2052023730723176 0.0 1.0 35
4.0 1.080126571020643 4.0 1.0 36
4.0 0.5895660633600472 4.0 1.0 37
4.29015788550404 1.0 4.0 1.0 38
0.0 0.26399859182156943 0.0 1.0 39
4.0 1.578286256441362 4.0 1.0 40
0.0 0.27922625273111823 0.0 1.0 41
4.0 0.2739051731834213 4.0 1.0 42
4.0 1.7652489188117888 4.0 1.0 43
4.694796607529201 1.0 4.0 1.0 44
0.0 1.8865091553629247 0.0 1.0 45
0.0 0.0 0.0 1.0 46
4.0 2.0 4.0 1.0 47
*** t = 27
2.2210515341190744 1.0 4.0 1.0 1
4.0 0.05064760250303749 4.0 0.0 2
2.540508298382681 1.0 0.0 1.0 3
4.0 1.0736627603161208 4.0 1.0 6
0.8351736916636142 1.0 4.0 1.0 7
1.132787000406664 1.0 4.0 1.0 8
4.403056308191551 1.0 5.0 1.0 9
1.9196500997800394 1.0 0.0 1.0 10
0.0 1.4919988050572772 0.0 2.0 12
3.4110337758905236 1.0 0.0 1.0 13
2.328682687183191 1.0 0.0 1.0 14
1.4652065615267416 1.0 4.0 1.0 16
1.4884574435307847 1.0 4.0 1.0 17
4.710520482750759 1.0 5.0 1.0 18
0.37277377152036095 1.0 4.0 1.0 19
4.0 1.708269839750697 4.0 2.0 22
0.6430742923776281 1.0 4.0 1.0 23
3.5201412025627645 1.0 0.0 1.0 24
0.3567574284613185 1.0 4.0 1.0 25
3.6632150760946507 1.0 0.0 1.0 26
4.0 0.4812780498403269 4.0 0.0 27
0.0 1.0 4.0 1.0 28
3.8949501648289253 1.0 0.0 1.0 29
0.13937410886303478 1.0 4.0 1.0 30
4.0 1.0 4.0 2.0 31
4.0 1.4495337329461737 4.0 1.0 32
4.0 1.0 4.0 0.0 33
0.0 0.8807267236746603 0.0 1.0 34
0.0 1.072736101917704 0.0 1.0 35
4.0 1.0 0.0 1.0 36
4.0 0.7074792760320566 4.0 1.0 37
4.148189462604847 1.0 4.0 1.0 38
0.0 0.3299982397769618 0.0 1.0 39
4.0 1.4728578205517022 4.0 1.0 40
0.0 0.41883937909667734 0.0 1.0 41
4.0 0.41085775977513195 4.0 1.0 42
4.0 1.6478733782176835 4.0 1.0 43
4.542194911293802 1.0 4.0 1.0 44
0.0 1.7730183107258495 0.0 1.0 45
0.0 0.1032522277933985 0.0 1.0 46
4.0 1.916529674892013 4.0 1.0 47
4.0 0.0 4.0 1.0 48
5.0 1.0 4.0 1.0 49
*** t = 28
2.351701624361373 1.0 4.0 1.0 1
2.436258891124301 1.0 0.0 1.0 3
4.0 1.033387228155952 4.0 1.0 6
0.9186910608299756 1.0 4.0 1.0 7
1.2357676368072699 1.0 4.0 1.0 8
4.4702323595568085 1.0 5.0 1.0 9
1.7710536783357562 1.0 0.0 1.0 10
0.0 1.573998605900157 0.0 2.0 12
3.326895743874884 1.0 0.0 1.0 13
2.1767447496543904 1.0 0.0 1.0 14
1.6117272176794157 1.0 4.0 1.0 16
1.637303187883863 1.0 4.0 1.0 17
4.8120234088580105 1.0 5.0 1.0 18
0.46596721440045114 1.0 4.0 1.0 19
4.0 1.8263148130424798 4.0 2.0 22
0.7716891508531539 1.0 4.0 1.0 23
3.4001765032034554 1.0 0.0 1.0 24
0.47567657128175805 1.0 4.0 1.0 25
3.5509534347928673 1.0 0.0 1.0 26
4.0 0.3515975623004087 4.0 0.0 27
0.09337426525623523 1.0 4.0 1.0 28
3.7899003296578506 1.0 0.0 1.0 29
0.27874821772606956 1.0 4.0 1.0 30
4.0 1.115611204186295 4.0 2.0 31
4.0 1.3883708143846374 4.0 1.0 32
4.0 0.8752246884927763 4.0 0.0 33
0.0 1.0 4.0 1.0 34
0.0 1.0 4.0 1.0 35
3.846687761836774 1.0 0.0 1.0 36
4.0 0.8253924887040662 4.0 1.0 37
4.006221039705655 1.0 4.0 1.0 38
0.0 0.39599788773235417 0.0 1.0 39
4.0 1.367429384662043 4.0 1.0 40
0.0 0.5584525054622365 0.0 1.0 41
4.0 0.5478103463668426 4.0 1.0 42
4.0 1.5304978376235778 4.0 1.0 43
4.389593215058403 1.0 4.0 1.0 44
0.0 1.6595274660887742 0.0 1.0 45
0.0 0.206504455586797 0.0 1.0 46
4.0 1.833059349784026 4.0 1.0 47
4.0 0.1382997870895876 4.0 1.0 48
4.819596091036666 1.0 4.0 1.0 49
0.0 0.0 0.0 1.0 50
4.0 2.0 4.0 1.0 51
*** t = 29
2.4823517146036718 1.0 4.0 1.0 1
2.332009483865921 1.0 0.0 1.0 3
4.0 1.0 0.0 1.0 6
1.002208429996337 1.0 4.0 1.0 7
1.3387482732078757 1.0 4.0 1.0 8
4.537408410922068 1.0 5.0 1.0 9
1.6224572568914732 1.0 0.0 1.0 10
0.0 1.6559984067430364 0.0 2.0 12
3.2427577118592446 1.0 0.0 1.0 13
2.0248068121255893 1.0 0.0 1.0 14
1.75824787383209 1.0 4.0 1.0 16
1.7861489322369415 1.0 4.0 1.0 17
4.913526334965262 1.0 5.0 1.0 18
0.5591606572805414 1.0 4.0 1.0 19
4.0 1.944359786334263 4.0 2.0 22
0.9003040093286796 1.0 4.0 1.0 23
3.280211803844146 1.0 0.0 1.0 24
0.5945957141021976 1.0 4.0 1.0 25
3.4386917934910843 1.0 0.0 1.0 26
4.0 0.22191707476049047 4.0 0.0 27
0.18674853051247045 1.0 4.0 1.0 28
3.684850494486776 1.0 0.0 1.0 29
0.4181223265891043 1.0 4.0 1.0 30
4.0 1.2312224083725898 4.0 2.0 31
4.0 1.3272078958231013 4.0 1.0 32
4.0 0.7504493769855526 4.0 0.0 33
0.12581810338209434 1.0 4.0 1.0 34
0.13246627115461374 1.0 4.0 1.0 35
3.6933755236735477 1.0 0.0 1.0 36
4.0 0.9433057013760756 4.0 1.0 37
4.0 1.0 0.0 1.0 38
0.0 0.46199753568774654 0.0 1.0 39
4.0 1.2620009487723833 4.0 1.0 40
0.0 0.6980656318277956 0.0 1.0 41
4.0 0.6847629329585532 4.0 1.0 42
4.0 1.4131222970294723 4.0 1.0 43
4.236991518823003 1.0 4.0 1.0 44
0.0 1.5460366214516992 0.0 1.0 45
0.0 0.3097566833801955 0.0 1.0 46
4.0 1.749589024676039 4.0 1.0 47
4.0 0.2765995741791752 4.0 1.0 48
4.639192182073332 1.0 4.0 1.0 49
0.0 0.13013399271797685 0.0 1.0 50
4.0 1.8519370740656411 4.0 1.0 51
*** t = 30
2.6130018048459704 1.0 4.0 1.0 1
2.227760076607541 1.0 0.0 1.0 3
3.9597244678398313 1.0 0.0 1.0 6
1.0857257991626983 1.0 4.0 1.0 7
1.4417289096084815 1.0 4.0 1.0 8
4.604584462287326 1.0 5.0 1.0 9
1.47386083544719 1.0 0.0 1.0 10
0.0 1.7379982075859157 0.0 2.0 12
3.158619679843605 1.0 0.0 1.0 13
1.8728688745967887 1.0 0.0 1.0 14
1.904768529984764 1.0 4.0 1.0 16
1.93499467659002 1.0 4.0 1.0 17
0.6523541001606317 1.0 4.0 1.0 19
1.0289188678042052 1.0 4.0 1.0 23
3.1602471044848373 1.0 0.0 1.0 24
0.713514856922637 1.0 4.0 1.0 25
3.326430152189301 1.0 0.0 1.0 26
4.0 0.09223658722057224 4.0 0.0 27
0.2801227957687057 1.0 4.0 1.0 28
3.5798006593157017 1.0 0.0 1.0 29
0.5574964354521391 1.0 4.0 1.0 30
4.0 1.3468336125588847 4.0 2.0 31
4.0 1.266044977261565 4.0 1.0 32
4.0 0.6256740654783289 4.0 0.0 33
0.2516362067641887 1.0 4.0 1.0 34
0.26493254230922747 1.0 4.0 1.0 35
3.5400632855103216 1.0 0.0 1.0 36
4.0 1.0 0.0 1.0 37
3.8580315771008076 1.0 0.0 1.0 38
0.0 0.5279971836431389 0.0 1.0 39
4.0 1.1565725128827236 4.0 1.0 40
0.0 0.8376787581933547 0.0 1.0 41
4.0 0.8217155195502638 4.0 1.0 42
4.0 1.2957467564353669 4.0 1.0 43
4.084389822587604 1.0 4.0 1.0 44
0.0 1.432545776814624 0.0 1.0 45
0.0 0.413008911173594 0.0 1.0 46
4.0 1.6661186995680521 4.0 1.0 47
4.0 0.4148993612687628 4.0 1.0 48
4.458788273109998 1.0 4.0 1.0 49
0.0 0.2602679854359537 0.0 1.0 50
4.0 1.703874148131282 4.0 1.0 51
0.0 0.0 0.0 1.0 52
0.0 2.0 0.0 1.0 53
4.0 0.0 4.0 1.0 54
4.0 2.0 4.0 1.0 55
5.0 1.0 4.0 1.0 56
*** t = 31
2.743651895088269 1.0 4.0 1.0 1
2.1235106693491614 1.0 0.0 1.0 3
3.9194489356796627 1.0 0.0 1.0 6
1.1692431683290596 1.0 4.0 1.0 7
1.5447095460090872 1.0 4.0 1.0 8
4.671760513652584 1.0 5.0 1.0 9
1.325264414002907 1.0 0.0 1.0 10
0.0 1.8199980084287954 0.0 2.0 12
3.0744816478279655 1.0 0.0 1.0 13
1.7209309370679877 1.0 0.0 1.0 14
2.051289186137438 1.0 4.0 1.0 16
2.0838404209430985 1.0 4.0 1.0 17
0.7455475430407219 1.0 4.0 1.0 19
1.1575337262797307 1.0 4.0 1.0 23
3.040282405125528 1.0 0.0 1.0 24
0.8324339997430765 1.0 4.0 1.0 25
3.214168510887518 1.0 0.0 1.0 26
0.3734970610249409 1.0 4.0 1.0 28
3.474750824144627 1.0 0.0 1.0 29
0.6968705443151739 1.0 4.0 1.0 30
4.0 1.4624448167451793 4.0 2.0 31
4.0 1.2048820587000286 4.0 1.0 32
4.0 0.5008987539711052 4.0 0.0 33
0.3774543101462831 1.0 4.0 1.0 34
0.39739881346384126 1.0 4.0 1.0 35
3.3867510473470954 1.0 0.0 1.0 36
3.8820867873279905 1.0 0.0 1.0 37
3.716063154201616 1.0 0.0 1.0 38
0.0 0.5939968315985312 0.0 1.0 39
4.0 1.0511440769930642 4.0 1.0 40
0.0 0.9772918845589138 0.0 1.0 41
4.0 0.9586681061419743 4.0 1.0 42
4.0 1.1783712158412614 4.0 1.0 43
4.0 1.0 4.0 2.0 44
0.0 1.3190549321775487 0.0 1.0 45
0.0 0.5162611389669925 0.0 1.0 46
4.0 1.582648374460065 4.0 1.0 47
4.0 0.5531991483583504 4.0 1.0 48
4.278384364146664 1.0 4.0 1.0 49
0.0 0.3904019781539305 0.0 1.0 50
4.0 1.5558112221969231 4.0 1.0 51
0.0 0.14600644385696515 0.0 1.0 52
0.0 1.8825068338009223 0.0 1.0 53
4.0 0.0760603137553562 4.0 1.0 54
4.0 1.8968538879631558 4.0 1.0 55
4.896179150436046 1.0 4.0 1.0 56
*** t = 32
2.874301985330568 1.0 4.0 1.0 1
2.0192612620907813 1.0 0.0 1.0 3
3.879173403519494 1.0 0.0 1.0 6
1.252760537495421 1.0 4.0 1.0 7
1.6476901824096932 1.0 4.0 1.0 8
4.738936565017843 1.0 5.0 1.0 9
1.1766679925586243 1.0 0.0 1.0 10
0.0 1.9019978092716747 0.0 2.0 12
2.9903436158123258 1.0 0.0 1.0 13
1.5689929995391874 1.0 0.0 1.0 14
2.1978098422901122 1.0 4.0 1.0 16
2.232686165296177 1.0 4.0 1.0 17
0.8387409859208121 1.0 4.0 1.0 19
1.2861485847552563 1.0 4.0 1.0 23
2.920317705766219 1.0 0.0 1.0 24
0.9513531425635161 1.0 4.0 1.0 25
3.1019068695857346 1.0 0.0 1.0 26
0.4668713262811761 1.0 4.0 1.0 28
3.3697009889735523 1.0 0.0 1.0 29
0.8362446531782087 1.0 4.0 1.0 30
4.0 1.5780560209314742 4.0 2.0 31
4.0 1.1437191401384925 4.0 1.0 32
4.0 0.3761234424638815 4.0 0.0 33
0.5032724135283774 1.0 4.0 1.0 34
0.5298650846184549 1.0 4.0 1.0 35
3.233438809183869 1.0 0.0 1.0 36
3.764173574655981 1.0 0.0 1.0 37
3.5740947313024236 1.0 0.0 1.0 38
0.0 0.6599964795539236 0.0 1.0 39
4.0 1.0 0.0 1.0 40
0.0 1.0 4.0 1.0 41
4.0 1.0 5.0 1.0 42
4.0 1.0609956752471559 4.0 1.0 43
4.0 1.1526016962353993 4.0 2.0 44
0.0 1.2055640875404734 0.0 1.0 45
0.0 0.619513366760391 0.0 1.0 46
4.0 1.499178049352078 4.0 1.0 47
4.0 0.691498935447938 4.0 1.0 48
4.09798045518333 1.0 4.0 1.0 49
0.0 0.5205359708719074 0.0 1.0 50
4.0 1.4077482962625643 4.0 1.0 51
0.0 0.2920128877139303 0.0 1.0 52
0.0 1.7650136676018446 0.0 1.0 53
4.0 0.1521206275107124 4.0 1.0 54
4.0 1.7937077759263116 4.0 1.0 55
4.792358300872091 1.0 4.0 1.0 56
0.0 0.0 0.0 1.0 57
4.0 2.0 4.0 1.0 58
*** t = 33
3.004952075572867 1.0 4.0 1.0 1
1.9150118548324015 1.0 0.0 1.0 3
3.8388978713593254 1.0 0.0 1.0 6
1.336277906661782 1.0 4.0 1.0 7
1.750670818810299 1.0 4.0 1.0 8
4.806112616383101 1.0 5.0 1.0 9
1.0280715711143416 1.0 0.0 1.0 10
0.0 1.9839976101145544 0.0 2.0 12
2.9062055837966865 1.0 0.0 1.0 13
1.4170550620103866 1.0 0.0 1.0 14
2.3443304984427864 1.0 4.0 1.0 16
2.3815319096492553 1.0 4.0 1.0 17
0.9319344288009023 1.0 4.0 1.0 19
1.4147634432307818 1.0 4.0 1.0 23
2.8003530064069104 1.0 0.0 1.0 24
1.0702722853839555 1.0 4.0 1.0 25
2.9896452282839516 1.0 0.0 1.0 26
0.5602455915374114 1.0 4.0 1.0 28
3.264651153802477 1.0 0.0 1.0 29
0.9756187620412436 1.0 4.0 1.0 30
4.0 1.6936672251177691 4.0 2.0 31
4.0 1.0825562215769562 4.0 1.0 32
4.0 0.2513481309566579 4.0 0.0 33
0.6290905169104717 1.0 4.0 1.0 34
0.6623313557730687 1.0 4.0 1.0 35
3.0801265710206427 1.0 0.0 1.0 36
3.6462603619839715 1.0 0.0 1.0 37
3.432126308403231 1.0 0.0 1.0 38
0.0 0.725996127509316 0.0 1.0 39
3.8945715641103402 1.0 0.0 1.0 40
0.13961312636555911 1.0 4.0 1.0 41
4.136952586591711 1.0 5.0 1.0 42
4.0 1.0 4.0 0.0 43
4.0 1.3052033924707986 4.0 2.0 44
0.0 1.0920732429033981 0.0 1.0 45
0.0 0.7227655945537896 0.0 1.0 46
4.0 1.4157077242440907 4.0 1.0 47
4.0 0.8297987225375255 4.0 1.0 48
4.0 1.0 0.0 1.0 49
0.0 0.6506699635898844 0.0 1.0 50
4.0 1.2596853703282054 4.0 1.0 51
0.0 0.43801933157089545 0.0 1.0 52
0.0 1.6475205014027667 0.0 1.0 53
4.0 0.22818094126606858 4.0 1.0 54
4.0 1.6905616638894674 4.0 1.0 55
4.688537451308137 1.0 4.0 1.0 56
0.0 0.11280615003619587 0.0 1.0 57
4.0 1.8551165544422685 4.0 1.0 58
4.0 0.0 4.0 1.0 59
5.0 1.0 4.0 1.0 60
*** t = 34
3.135602165815165 1.0 4.0 1.0 1
1.8107624475740218 1.0 0.0 1.0 3
3.7986223391991563 1.0 0.0 1.0 6
1.4197952758281438 1.0 4.0 1.0 7
1.853651455210905 1.0 4.0 1.0 8
4.873288667748359 1.0 5.0 1.0 9
0.8794751496700581 1.0 0.0 1.0 10
2.8220675517810467 1.0 0.0 1.0 13
1.2651171244815862 1.0 0.0 1.0 14
2.4908511545954606 1.0 4.0 1.0 16
2.5303776540023337 1.0 4.0 1.0 17
1.0251278716809926 1.0 4.0 1.0 19
1.5433783017063076 1.0 4.0 1.0 23
2.6803883070476013 1.0 0.0 1.0 24
1.189191428204395 1.0 4.0 1.0 25
2.8773835869821687 1.0 0.0 1.0 26
0.6536198567936466 1.0 4.0 1.0 28
3.1596013186314025 1.0 0.0 1.0 29
1.1149928709042782 1.0 4.0 1.0 30
4.0 1.809278429304064 4.0 2.0 31
4.0 1.02139330301542 4.0 1.0 32
4.0 0.12657281944943422 4.0 0.0 33
0.754908620292566 1.0 4.0 1.0 34
0.7947976269276825 1.0 4.0 1.0 35
2.9268143328574165 1.0 0.0 1.0 36
3.5283471493119625 1.0 0.0 1.0 37
3.2901578855040396 1.0 0.0 1.0 38
0.0 0.7919957754647083 0.0 1.0 39
3.789143128220681 1.0 0.0 1.0 40
0.27922625273111823 1.0 4.0 1.0 41
4.2739051731834214 1.0 5.0 1.0 42
4.0 0.8826244594058944 4.0 0.0 43
4.0 1.457805088706198 4.0 2.0 44
0.0 1.0 4.0 1.0 45
0.0 0.826017822347188 0.0 1.0 46
4.0 1.332237399136104 4.0 1.0 47
4.0 0.9680985096271131 4.0 1.0 48
3.819596091036666 1.0 0.0 1.0 49
0.0 0.7808039563078611 0.0 1.0 50
4.0 1.1116224443938465 4.0 1.0 51
0.0 0.5840257754278606 0.0 1.0 52
0.0 1.530027335203689 0.0 1.0 53
4.0 0.3042412550214248 4.0 1.0 54
4.0 1.5874155518526232 4.0 1.0 55
4.584716601744182 1.0 4.0 1.0 56
0.0 0.22561230007239175 0.0 1.0 57
4.0 1.7102331088845373 4.0 1.0 58
4.0 0.13449193027010223 4.0 1.0 59
4.929220298602483 1.0 4.0 1.0 60
0.0 0.0 0.0 1.0 61
4.0 2.0 4.0 1.0 62
*** t = 35
3.266252256057464 1.0 4.0 1.0 1
1.7065130403156423 1.0 0.0 1.0 3
3.758346807038988 1.0 0.0 1.0 6
1.503312644994505 1.0 4.0 1.0 7
1.956632091611511 1.0 4.0 1.0 8
4.940464719113618 1.0 5.0 1.0 9
0.7308787282257754 1.0 0.0 1.0 10
2.7379295197654074 1.0 0.0 1.0 13
1.1131791869527854 1.0 0.0 1.0 14
2.6373718107481348 1.0 4.0 1.0 16
2.679223398355412 1.0 4.0 1.0 17
1.1183213145610829 1.0 4.0 1.0 19
1.6719931601818332 1.0 4.0 1.0 23
2.5604236076882927 1.0 0.0 1.0 24
1.3081105710248344 1.0 4.0 1.0 25
2.7651219456803853 1.0 0.0 1.0 26
0.7469941220498819 1.0 4.0 1.0 28
3.054551483460328 1.0 0.0 1.0 29
1.254366979767313 1.0 4.0 1.0 30
4.0 1.924889633490359 4.0 2.0 31
4.0 1.0 0.0 1.0 32
4.0 0.001797507942210501 4.0 0.0 33
0.8807267236746603 1.0 4.0 1.0 34
0.9272638980822961 1.0 4.0 1.0 35
2.7735020946941904 1.0 0.0 1.0 36
3.410433936639953 1.0 0.0 1.0 37
3.148189462604847 1.0 0.0 1.0 38
0.0 0.8579954234201007 0.0 1.0 39
3.683714692331021 1.0 0.0 1.0 40
0.41883937909667734 1.0 4.0 1.0 41
4.410857759775132 1.0 5.0 1.0 42
4.0 0.7652489188117889 4.0 0.0 43
4.0 1.6104067849415975 4.0 2.0 44
0.11349084463707522 1.0 4.0 1.0 45
0.0 0.9292700501405865 0.0 1.0 46
4.0 1.248767074028117 4.0 1.0 47
4.0 1.0 0.0 1.0 48
3.639192182073332 1.0 0.0 1.0 49
0.0 0.9109379490258379 0.0 1.0 50
4.0 1.0 0.0 1.0 51
0.0 0.7300322192848258 0.0 1.0 52
0.0 1.4125341690046114 0.0 1.0 53
4.0 0.380301568776781 4.0 1.0 54
4.0 1.484269439815779 4.0 1.0 55
4.480895752180228 1.0 4.0 1.0 56
0.0 0.3384184501085876 0.0 1.0 57
4.0 1.5653496633268056 4.0 1.0 58
4.0 0.26898386054020446 4.0 1.0 59
4.858440597204966 1.0 4.0 1.0 60
0.0 0.10850075959016982 0.0 1.0 61
4.0 1.8741481600881698 4.0 1.0 62
0.0 2.0 0.0 1.0 63
*** t = 36
3.3969023462997625 1.0 4.0 1.0 1
1.6022636330572624 1.0 0.0 1.0 3
3.7180712748788194 1.0 0.0 1.0 6
1.5868300141608662 1.0 4.0 1.0 7
2.0596127280121164 1.0 4.0 1.0 8
0.5822823067814926 1.0 0.0 1.0 10
2.6537914877497677 1.0 0.0 1.0 13
0.9612412494239845 1.0 0.0 1.0 14
2.783892466900809 1.0 4.0 1.0 16
2.8280691427084905 1.0 4.0 1.0 17
1.211514757441173 1.0 4.0 1.0 19
1.8006080186573583 1.0 4.0 1.0 23
2.4404589083289836 1.0 0.0 1.0 24
1.4270297138452739 1.0 4.0 1.0 25
2.652860304378602 1.0 0.0 1.0 26
0.8403683873061172 1.0 4.0 1.0 28
2.949501648289253 1.0 0.0 1.0 29
1.3937410886303476 1.0 4.0 1.0 30
3.938837081438464 1.0 0.0 1.0 32
1.0065448270567547 1.0 4.0 1.0 34
1.0597301692369099 1.0 4.0 1.0 35
2.6201898565309647 1.0 0.0 1.0 36
3.2925207239679435 1.0 0.0 1.0 37
3.006221039705655 1.0 0.0 1.0 38
0.0 0.9239950713754931 0.0 1.0 39
3.578286256441362 1.0 0.0 1.0 40
0.5584525054622365 1.0 4.0 1.0 41
4.547810346366842 1.0 5.0 1.0 42
4.0 0.6478733782176834 4.0 0.0 43
4.0 1.7630084811769968 4.0 2.0 44
0.22698168927415044 1.0 4.0 1.0 45
0.0 1.0 0.0 2.0 46
4.0 1.16529674892013 4.0 1.0 47
3.8617002129104123 1.0 0.0 1.0 48
3.458788273109998 1.0 0.0 1.0 49
0.0 1.0 4.0 1.0 50
3.851937074065641 1.0 0.0 1.0 51
0.0 0.8760386631417909 0.0 1.0 52
0.0 1.2950410028055337 0.0 1.0 53
4.0 0.4563618825321372 4.0 1.0 54
4.0 1.3811233277789348 4.0 1.0 55
4.377074902616273 1.0 4.0 1.0 56
0.0 0.4512246001447835 0.0 1.0 57
4.0 1.4204662177690743 4.0 1.0 58
4.0 0.4034757908103067 4.0 1.0 59
4.787660895807449 1.0 4.0 1.0 60
0.0 0.21700151918033964 0.0 1.0 61
4.0 1.7482963201763397 4.0 1.0 62
0.0 1.8455210208802009 0.0 1.0 63
0.0 0.0 0.0 1.0 64
4.0 0.0 4.0 1.0 65
4.0 2.0 4.0 1.0 66
5.0 1.0 4.0 1.0 67
*** t = 37
3.527552436542061 1.0 4.0 1.0 1
1.4980142257988824 1.0 0.0 1.0 3
3.6777957427186503 1.0 0.0 1.0 6
1.6703473833272275 1.0 4.0 1.0 7
2.162593364412722 1.0 4.0 1.0 8
0.43368588533720925 1.0 0.0 1.0 10
2.5696534557341284 1.0 0.0 1.0 13
0.8093033118951842 1.0 0.0 1.0 14
2.930413123053483 1.0 4.0 1.0 16
2.9769148870615694 1.0 4.0 1.0 17
1.3047082003212633 1.0 4.0 1.0 19
1.9292228771328839 1.0 4.0 1.0 23
2.320494208969675 1.0 0.0 1.0 24
1.5459488566657134 1.0 4.0 1.0 25
2.540598663076819 1.0 0.0 1.0 26
0.9337426525623524 1.0 4.0 1.0 28
2.8444518131181784 1.0 0.0 1.0 29
1.5331151974933823 1.0 4.0 1.0 30
3.8776741628769273 1.0 0.0 1.0 32
1.1323629304388492 1.0 4.0 1.0 34
1.1921964403915237 1.0 4.0 1.0 35
2.466877618367738 1.0 0.0 1.0 36
3.174607511295934 1.0 0.0 1.0 37
2.8642526168064633 1.0 0.0 1.0 38
0.0 0.9899947193308855 0.0 1.0 39
3.472857820551702 1.0 0.0 1.0 40
0.6980656318277956 1.0 4.0 1.0 41
4.684762932958553 1.0 5.0 1.0 42
4.0 0.5304978376235779 4.0 0.0 43
4.0 1.915610177412396 4.0 2.0 44
0.34047253391122567 1.0 4.0 1.0 45
0.0 1.1032522277933985 0.0 2.0 46
4.0 1.081826423812143 4.0 1.0 47
3.723400425820825 1.0 0.0 1.0 48
3.278384364146664 1.0 0.0 1.0 49
0.13013399271797685 1.0 4.0 1.0 50
3.7038741481312822 1.0 0.0 1.0 51
0.0 1.0 0.0 2.0 52
0.0 1.1775478366064558 0.0 1.0 53
4.0 0.5324221962874934 4.0 1.0 54
4.0 1.2779772157420906 4.0 1.0 55
4.273254053052318 1.0 4.0 1.0 56
0.0 0.5640307501809794 0.0 1.0 57
4.0 1.2755827722113429 4.0 1.0 58
4.0 0.5379677210804089 4.0 1.0 59
4.7168811944099325 1.0 4.0 1.0 60
0.0 0.3255022787705094 0.0 1.0 61
4.0 1.6224444802645095 4.0 1.0 62
0.0 1.6910420417604017 0.0 1.0 63
0.0 0.10024440984067196 0.0 1.0 64
4.0 0.1078952738052092 4.0 1.0 65
4.0 1.8791525086767102 4.0 1.0 66
4.923041379782397 1.0 4.0 1.0 67
*** t = 38
3.6582025267843594 1.0 4.0 1.0 1
1.3937648185405027 1.0 0.0 1.0 3
3.637520210558482 1.0 0.0 1.0 6
1.7538647524935889 1.0 4.0 1.0 7
2.2655740008133276 1.0 4.0 1.0 8
0.28508946389292644 1.0 0.0 1.0 10
2.4855154237184887 1.0 0.0 1.0 13
0.6573653743663834 1.0 0.0 1.0 14
3.0769337792061573 1.0 4.0 1.0 16
3.1257606314146473 1.0 4.0 1.0 17
1.3979016432013536 1.0 4.0 1.0 19
2.05783773560841 1.0 4.0 1.0 23
2.200529509610366 1.0 0.0 1.0 24
1.6648679994861526 1.0 4.0 1.0 25
2.4283370217750355 1.0 0.0 1.0 26
1.0271169178185877 1.0 4.0 1.0 28
2.739401977947104 1.0 0.0 1.0 29
1.672489306356417 1.0 4.0 1.0 30
3.8165112443153912 1.0 0.0 1.0 32
1.2581810338209436 1.0 4.0 1.0 34
1.3246627115461376 1.0 4.0 1.0 35
2.313565380204512 1.0 0.0 1.0 36
3.0566942986239245 1.0 0.0 1.0 37
2.722284193907271 1.0 0.0 1.0 38
0.0 1.0 4.0 1.0 39
3.367429384662043 1.0 0.0 1.0 40
0.8376787581933547 1.0 4.0 1.0 41
4.8217155195502635 1.0 5.0 1.0 42
4.0 0.41312229702947234 4.0 0.0 43
0.4539633785483009 1.0 4.0 1.0 45
0.0 1.206504455586797 0.0 2.0 46
4.0 1.0 0.0 1.0 47
3.5851006387312374 1.0 0.0 1.0 48
3.09798045518333 1.0 0.0 1.0 49
0.2602679854359537 1.0 4.0 1.0 50
3.555811222196923 1.0 0.0 1.0 51
0.0 1.146006443856965 0.0 2.0 52
0.0 1.0600546704073779 0.0 1.0 53
4.0 0.6084825100428496 4.0 1.0 54
4.0 1.1748311037052463 4.0 1.0 55
4.169433203488364 1.0 4.0 1.0 56
0.0 0.6768369002171752 0.0 1.0 57
4.0 1.1306993266536114 4.0 1.0 58
4.0 0.6724596513505111 4.0 1.0 59
4.646101493012416 1.0 4.0 1.0 60
0.0 0.43400303836067927 0.0 1.0 61
4.0 1.4965926403526795 4.0 1.0 62
0.0 1.5365630626406028 0.0 1.0 63
0.0 0.2004888196813439 0.0 1.0 64
4.0 0.2157905476104184 4.0 1.0 65
4.0 1.7583050173534207 4.0 1.0 66
4.846082759564794 1.0 4.0 1.0 67
0.0 0.0 0.0 1.0 68
4.0 2.0 4.0 1.0 69
*** t = 39
3.7888526170266585 1.0 4.0 1.0 1
1.2895154112821234 1.0 0.0 1.0 3
3.5972446783983134 1.0 0.0 1.0 6
1.8373821216599502 1.0 4.0 1.0 7
2.3685546372139332 1.0 4.0 1.0 8
0.1364930424486437 1.0 0.0 1.0 10
2.401377391702849 1.0 0.0 1.0 13
0.5054274368375832 1.0 0.0 1.0 14
3.2234544353588315 1.0 4.0 1.0 16
3.2746063757677257 1.0 4.0 1.0 17
1.4910950860814438 1.0 4.0 1.0 19
2.1864525940839354 1.0 4.0 1.0 23
2.080564810251057 1.0 0.0 1.0 24
1.7837871423065923 1.0 4.0 1.0 25
2.3160753804732526 1.0 0.0 1.0 26
1.120491183074823 1.0 4.0 1.0 28
2.6343521427760295 1.0 0.0 1.0 29
1.8118634152194517 1.0 4.0 1.0 30
3.755348325753855 1.0 0.0 1.0 32
1.383999137203038 1.0 4.0 1.0 34
1.4571289827007512 1.0 4.0 1.0 35
2.160253142041286 1.0 0.0 1.0 36
2.9387810859519146 1.0 0.0 1.0 37
2.5803157710080784 1.0 0.0 1.0 38
0.06599964795539236 1.0 4.0 1.0 39
3.2620009487723833 1.0 0.0 1.0 40
0.9772918845589138 1.0 4.0 1.0 41
4.958668106141975 1.0 5.0 1.0 42
4.0 0.2957467564353668 4.0 0.0 43
0.5674542231853761 1.0 4.0 1.0 45
0.0 1.3097566833801955 0.0 2.0 46
3.9165296748920126 1.0 0.0 1.0 47
3.4468008516416493 1.0 0.0 1.0 48
2.9175765462199963 1.0 0.0 1.0 49
0.3904019781539305 1.0 4.0 1.0 50
3.407748296262564 1.0 0.0 1.0 51
0.0 1.2920128877139303 0.0 2.0 52
0.0 1.0 4.0 1.0 53
4.0 0.6845428237982056 4.0 1.0 54
4.0 1.0716849916684021 4.0 1.0 55
4.06561235392441 1.0 4.0 1.0 56
0.0 0.7896430502533711 0.0 1.0 57
4.0 1.0 4.0 0.0 58
4.0 0.8069515816206133 4.0 1.0 59
4.575321791614899 1.0 4.0 1.0 60
0.0 0.5425037979508491 0.0 1.0 61
4.0 1.3707408004408492 4.0 1.0 62
0.0 1.3820840835208035 0.0 1.0 63
0.0 0.30073322952201587 0.0 1.0 64
4.0 0.32368582141562763 4.0 1.0 65
4.0 1.637457526030131 4.0 1.0 66
4.769124139347191 1.0 4.0 1.0 67
0.0 0.12226839873919836 0.0 1.0 68
4.0 1.8111621048592943 4.0 1.0 69
4.0 0.0 4.0 1.0 70
5.0 1.0 4.0 1.0 71
*** t = 40
3.919502707268957 1.0 4.0 1.0 1
1.1852660040237435 1.0 0.0 1.0 3
3.5569691462381443 1.0 0.0 1.0 6
1.9208994908263117 1.0 4.0 1.0 7
2.471535273614539 1.0 4.0 1.0 8
0.0 1.0 0.0 2.0 10
2.3172393596872096 1.0 0.0 1.0 13
0.3534894993087823 1.0 0.0 1.0 14
3.3699750915115056 1.0 4.0 1.0 16
3.423452120120804 1.0 4.0 1.0 17
1.584288528961534 1.0 4.0 1.0 19
2.315067452559461 1.0 4.0 1.0 23
1.9606001108917481 1.0 0.0 1.0 24
1.9027062851270318 1.0 4.0 1.0 25
2.203813739171469 1.0 0.0 1.0 26
1.2138654483310582 1.0 4.0 1.0 28
2.5293023076049543 1.0 0.0 1.0 29
1.9512375240824864 1.0 4.0 1.0 30
3.694185407192319 1.0 0.0 1.0 32
1.5098172405851324 1.0 4.0 1.0 34
1.5895952538553653 1.0 4.0 1.0 35
2.00694090387806 1.0 0.0 1.0 36
2.820867873279905 1.0 0.0 1.0 37
2.4383473481088864 1.0 0.0 1.0 38
0.13199929591078471 1.0 4.0 1.0 39
3.156572512882724 1.0 0.0 1.0 40
1.116905010924473 1.0 4.0 1.0 41
4.0 0.17837121584126137 4.0 0.0 43
0.6809450678224513 1.0 4.0 1.0 45
0.0 1.4130089111735942 0.0 2.0 46
3.833059349784026 1.0 0.0 1.0 47
3.3085010645520616 1.0 0.0 1.0 48
2.7371726372566623 1.0 0.0 1.0 49
0.5205359708719074 1.0 4.0 1.0 50
3.2596853703282056 1.0 0.0 1.0 51
0.0 1.4380193315708953 0.0 2.0 52
0.11749316619907775 1.0 4.0 1.0 53
4.0 0.7606031375535619 4.0 1.0 54
4.0 1.0 0.0 1.0 55
4.0 1.0 4.0 2.0 56
0.0 0.902449200289567 0.0 1.0 57
4.0 0.8551165544422686 4.0 0.0 58
4.0 0.9414435118907156 4.0 1.0 59
4.504542090217382 1.0 4.0 1.0 60
0.0 0.6510045575410188 0.0 1.0 61
4.0 1.244888960529019 4.0 1.0 62
0.0 1.2276051044010043 0.0 1.0 63
0.0 0.4009776393626878 0.0 1.0 64
4.0 0.4315810952208368 4.0 1.0 65
4.0 1.5166100347068414 4.0 1.0 66
4.692165519129589 1.0 4.0 1.0 67
0.0 0.2445367974783967 0.0 1.0 68
4.0 1.6223242097185886 4.0 1.0 69
4.0 0.09093684685290823 4.0 1.0 70
4.887831339228613 1.0 4.0 1.0 71
0.0 0.0 0.0 1.0 72
0.0 2.0 0.0 1.0 73
4.0 2.0 4.0 1.0 74
*** t = 41
4.0 1.0 4.0 0.0 1
1.0810165967653638 1.0 0.0 1.0 3
3.516693614077976 1.0 0.0 1.0 6
2.004416859992673 1.0 4.0 1.0 7
2.5745159100151445 1.0 4.0 1.0 8
0.0 1.148596421444283 0.0 2.0 10
2.23310132767157 1.0 0.0 1.0 13
0.20155156177998207 1.0 0.0 1.0 14
3.51649574766418 1.0 4.0 1.0 16
3.572297864473883 1.0 4.0 1.0 17
1.6774819718416243 1.0 4.0 1.0 19
2.4436823110349866 1.0 4.0 1.0 23
1.840635411532439 1.0 0.0 1.0 24
2.0216254279474715 1.0 4.0 1.0 25
2.091552097869686 1.0 0.0 1.0 26
1.3072397135872935 1.0 4.0 1.0 28
2.4242524724338796 1.0 0.0 1.0 29
2.0906116329455213 1.0 4.0 1.0 30
3.6330224886307825 1.0 0.0 1.0 32
1.6356353439672267 1.0 4.0 1.0 34
1.722061525009979 1.0 4.0 1.0 35
1.8536286657148335 1.0 0.0 1.0 36
2.7029546606078956 1.0 0.0 1.0 37
2.296378925209694 1.0 0.0 1.0 38
0.19799894386617706 1.0 4.0 1.0 39
3.0511440769930642 1.0 0.0 1.0 40
1.256518137290032 1.0 4.0 1.0 41
4.0 0.060995675247155816 4.0 0.0 43
0.7944359124595266 1.0 4.0 1.0 45
0.0 1.5162611389669924 0.0 2.0 46
3.7495890246760393 1.0 0.0 1.0 47
3.1702012774624744 1.0 0.0 1.0 48
2.5567687282933282 1.0 0.0 1.0 49
0.6506699635898844 1.0 4.0 1.0 50
3.1116224443938467 1.0 0.0 1.0 51
0.0 1.5840257754278604 0.0 2.0 52
0.2349863323981555 1.0 4.0 1.0 53
4.0 0.8366634513089182 4.0 1.0 54
3.8968538879631556 1.0 0.0 1.0 55
4.0 1.1038208495639545 4.0 2.0 56
0.0 1.0 0.0 2.0 57
4.0 0.7102331088845372 4.0 0.0 58
4.0 1.0 0.0 1.0 59
4.433762388819865 1.0 4.0 1.0 60
0.0 0.7595053171311887 0.0 1.0 61
4.0 1.119037120617189 4.0 1.0 62
0.0 1.0731261252812052 0.0 1.0 63
0.0 0.5012220492033598 0.0 1.0 64
4.0 0.539476369026046 4.0 1.0 65
4.0 1.3957625433835514 4.0 1.0 66
4.615206898911985 1.0 4.0 1.0 67
0.0 0.3668051962175951 0.0 1.0 68
4.0 1.4334863145778827 4.0 1.0 69
4.0 0.18187369370581646 4.0 1.0 70
4.775662678457224 1.0 4.0 1.0 71
0.0 0.11165386213945153 0.0 1.0 72
0.0 1.848996966315078 0.0 1.0 73
4.0 1.8725151469166768 4.0 1.0 74
*** t = 42
4.0 0.8693499097577014 4.0 0.0 1
0.9767671895069838 1.0 0.0 1.0 3
3.4764180819178074 1.0 0.0 1.0 6
2.0879342291590346 1.0 4.0 1.0 7
2.6774965464157505 1.0 4.0 1.0 8
0.0 1.297192842888566 0.0 2.0 10
2.1489632956559306 1.0 0.0 1.0 13
0.04961362425118125 1.0 0.0 1.0 14
3.663016403816854 1.0 4.0 1.0 16
3.721143608826961 1.0 4.0 1.0 17
1.7706754147217145 1.0 4.0 1.0 19
2.572297169510512 1.0 4.0 1.0 23
1.72067071217313 1.0 0.0 1.0 24
2.140544570767911 1.0 4.0 1.0 25
1.9792904565679033 1.0 0.0 1.0 26
1.4006139788435288 1.0 4.0 1.0 28
2.3192026372628054 1.0 0.0 1.0 29
2.229985741808556 1.0 4.0 1.0 30
3.5718595700692464 1.0 0.0 1.0 32
1.7614534473493213 1.0 4.0 1.0 34
1.8545277961645927 1.0 4.0 1.0 35
1.7003164275516074 1.0 0.0 1.0 36
2.5850414479358865 1.0 0.0 1.0 37
2.154410502310502 1.0 0.0 1.0 38
0.26399859182156943 1.0 4.0 1.0 39
2.9457156411034044 1.0 0.0 1.0 40
1.3961312636555911 1.0 4.0 1.0 41
0.9079267570966019 1.0 4.0 1.0 45
0.0 1.619513366760391 0.0 2.0 46
3.666118699568052 1.0 0.0 1.0 47
3.0319014903728867 1.0 0.0 1.0 48
2.376364819329994 1.0 0.0 1.0 49
0.7808039563078611 1.0 4.0 1.0 50
2.963559518459488 1.0 0.0 1.0 51
0.0 1.7300322192848256 0.0 2.0 52
0.35247949859723327 1.0 4.0 1.0 53
4.0 0.9127237650642742 4.0 1.0 54
3.7937077759263116 1.0 0.0 1.0 55
4.0 1.2076416991279089 4.0 2.0 56
0.0 1.1128061500361959 0.0 2.0 57
4.0 0.5653496633268058 4.0 0.0 58
3.865508069729898 1.0 0.0 1.0 59
4.362982687422348 1.0 4.0 1.0 60
0.0 0.8680060767213585 0.0 1.0 61
4.0 1.0 4.0 0.0 62
0.0 1.0 4.0 1.0 63
0.0 0.6014664590440317 0.0 1.0 64
4.0 0.6473716428312553 4.0 1.0 65
4.0 1.2749150520602617 4.0 1.0 66
4.538248278694383 1.0 4.0 1.0 67
0.0 0.4890735949567934 0.0 1.0 68
4.0 1.244648419437177 4.0 1.0 69
4.0 0.27281054055872467 4.0 1.0 70
4.663494017685836 1.0 4.0 1.0 71
0.0 0.22330772427890305 0.0 1.0 72
0.0 1.6979939326301559 0.0 1.0 73
4.0 1.745030293833353 4.0 1.0 74
0.0 0.0 0.0 1.0 75
4.0 0.0 4.0 1.0 76
4.0 2.0 4.0 1.0 77
5.0 1.0 4.0 1.0 78
*** t = 43
4.0 0.738699819515403 4.0 0.0 1
0.8725177822486045 1.0 0.0 1.0 3
3.4361425497576388 1.0 0.0 1.0 6
2.171451598325396 1.0 4.0 1.0 7
2.7804771828163557 1.0 4.0 1.0 8
0.0 1.4457892643328487 0.0 2.0 10
2.064825263640291 1.0 0.0 1.0 13
0.0 1.0 0.0 0.0 14
3.809537059969528 1.0 4.0 1.0 16
3.8699893531800393 1.0 4.0 1.0 17
1.8638688576018045 1.0 4.0 1.0 19
2.7009120279860377 1.0 4.0 1.0 23
1.6007060128138209 1.0 0.0 1.0 24
2.2594637135883504 1.0 4.0 1.0 25
1.8670288152661203 1.0 0.0 1.0 26
1.493988244099764 1.0 4.0 1.0 28
2.2141528020917307 1.0 0.0 1.0 29
2.3693598506715907 1.0 4.0 1.0 30
3.5106966515077103 1.0 0.0 1.0 32
1.8872715507314157 1.0 4.0 1.0 34
1.9869940673192068 1.0 4.0 1.0 35
1.547004189388381 1.0 0.0 1.0 36
2.467128235263877 1.0 0.0 1.0 37
2.0124420794113096 1.0 0.0 1.0 38
0.3299982397769618 1.0 4.0 1.0 39
2.840287205213745 1.0 0.0 1.0 40
1.53574439002115 1.0 4.0 1.0 41
1.0214176017336771 1.0 4.0 1.0 45
0.0 1.7227655945537896 0.0 2.0 46
3.582648374460065 1.0 0.0 1.0 47
2.893601703283299 1.0 0.0 1.0 48
2.1959609103666597 1.0 0.0 1.0 49
0.9109379490258379 1.0 4.0 1.0 50
2.8154965925251285 1.0 0.0 1.0 51
0.0 1.8760386631417907 0.0 2.0 52
0.469972664796311 1.0 4.0 1.0 53
4.0 0.9887840788196304 4.0 1.0 54
3.690561663889467 1.0 0.0 1.0 55
4.0 1.3114625486918634 4.0 2.0 56
0.0 1.2256123000723917 0.0 2.0 57
4.0 0.42046621776907434 4.0 0.0 58
3.7310161394597956 1.0 0.0 1.0 59
4.292202986024831 1.0 4.0 1.0 60
0.0 0.9765068363115283 0.0 1.0 61
4.0 0.8741481600881699 4.0 0.0 62
0.15447897911979913 1.0 4.0 1.0 63
0.0 0.7017108688847037 0.0 1.0 64
4.0 0.7552669166364645 4.0 1.0 65
4.0 1.154067560736972 4.0 1.0 66
4.4612896584767805 1.0 4.0 1.0 67
0.0 0.6113419936959917 0.0 1.0 68
4.0 1.0558105242964713 4.0 1.0 69
4.0 0.3637473874116329 4.0 1.0 70
4.551325356914448 1.0 4.0 1.0 71
0.0 0.33496158641835466 0.0 1.0 72
0.0 1.5469908989452341 0.0 1.0 73
4.0 1.6175454407500296 4.0 1.0 74
0.0 0.14873026013524807 0.0 1.0 75
4.0 0.1529554575054125 4.0 1.0 76
4.0 1.860266537535343 4.0 1.0 77
4.880107453928358 1.0 4.0 1.0 78
*** t = 44
4.0 0.6080497292731045 4.0 0.0 1
0.7682683749902247 1.0 0.0 1.0 3
3.39586701759747 1.0 0.0 1.0 6
2.2549689674917577 1.0 4.0 1.0 7
2.8834578192169613 1.0 4.0 1.0 8
0.0 1.5943856857771315 0.0 2.0 10
1.980687231624651 1.0 0.0 1.0 13
0.0 0.8480620624711992 0.0 0.0 14
3.9560577161222024 1.0 4.0 1.0 16
4.0 1.0 4.0 2.0 17
1.957062300481895 1.0 4.0 1.0 19
2.8295268864615633 1.0 4.0 1.0 23
1.4807413134545118 1.0 0.0 1.0 24
2.37838285640879 1.0 4.0 1.0 25
1.7547671739643373 1.0 0.0 1.0 26
1.5873625093559993 1.0 4.0 1.0 28
2.1091029669206556 1.0 0.0 1.0 29
2.5087339595346254 1.0 4.0 1.0 30
3.4495337329461733 1.0 0.0 1.0 32
2.01308965411351 1.0 4.0 1.0 34
2.1194603384738206 1.0 4.0 1.0 35
1.393691951225155 1.0 0.0 1.0 36
2.349215022591867 1.0 0.0 1.0 37
1.8704736565121174 1.0 0.0 1.0 38
0.39599788773235417 1.0 4.0 1.0 39
2.734858769324086 1.0 0.0 1.0 40
1.6753575163867094 1.0 4.0 1.0 41
1.1349084463707524 1.0 4.0 1.0 45
0.0 1.826017822347188 0.0 2.0 46
3.499178049352078 1.0 0.0 1.0 47
2.755301916193712 1.0 0.0 1.0 48
2.0155570014033257 1.0 0.0 1.0 49
1.0410719417438148 1.0 4.0 1.0 50
2.6674336665907696 1.0 0.0 1.0 51
0.5874658309953887 1.0 4.0 1.0 53
4.0 1.0 0.0 1.0 54
3.587415551852623 1.0 0.0 1.0 55
4.0 1.4152833982558177 4.0 2.0 56
0.0 1.3384184501085878 0.0 2.0 57
4.0 0.2755827722113429 4.0 0.0 58
3.596524209189693 1.0 0.0 1.0 59
4.221423284627314 1.0 4.0 1.0 60
0.0 1.0 4.0 1.0 61
4.0 0.7482963201763397 4.0 0.0 62
0.30895795823959826 1.0 4.0 1.0 63
0.0 0.8019552787253756 0.0 1.0 64
4.0 0.8631621904416736 4.0 1.0 65
4.0 1.0332200694136822 4.0 1.0 66
4.384331038259178 1.0 4.0 1.0 67
0.0 0.7336103924351902 0.0 1.0 68
4.0 1.0 0.0 1.0 69
4.0 0.4546842342645412 4.0 1.0 70
4.43915669614306 1.0 4.0 1.0 71
0.0 0.4466154485578061 0.0 1.0 72
0.0 1.3959878652603122 0.0 1.0 73
4.0 1.4900605876667061 4.0 1.0 74
0.0 0.29746052027049613 0.0 1.0 75
4.0 0.305910915010825 4.0 1.0 76
4.0 1.7205330750706864 4.0 1.0 77
4.7602149078567155 1.0 4.0 1.0 78
0.0 0.0 0.0 1.0 79
4.0 2.0 4.0 1.0 80
*** t = 45
4.0 0.47739963903080607 4.0 0.0 1
0.6640189677318449 1.0 0.0 1.0 3
3.3555914854373015 1.0 0.0 1.0 6
2.3384863366581192 1.0 4.0 1.0 7
2.986438455617567 1.0 4.0 1.0 8
0.0 1.7429821072214144 0.0 2.0 10
1.8965491996090114 1.0 0.0 1.0 13
0.0 0.6961241249423984 0.0 0.0 14
4.0 1.0 5.0 1.0 16
4.0 1.1488457443530786 4.0 2.0 17
2.0502557433619852 1.0 4.0 1.0 19
2.958141744937089 1.0 4.0 1.0 23
1.3607766140952027 1.0 0.0 1.0 24
2.4973019992292294 1.0 4.0 1.0 25
1.6425055326625546 1.0 0.0 1.0 26
1.6807367746122346 1.0 4.0 1.0 28
2.004053131749581 1.0 0.0 1.0 29
2.64810806839766 1.0 4.0 1.0 30
3.3883708143846376 1.0 0.0 1.0 32
2.138907757495604 1.0 4.0 1.0 34
2.2519266096284345 1.0 4.0 1.0 35
1.240379713061929 1.0 0.0 1.0 36
2.2313018099198576 1.0 0.0 1.0 37
1.7285052336129256 1.0 0.0 1.0 38
0.46199753568774654 1.0 4.0 1.0 39
2.629430333434426 1.0 0.0 1.0 40
1.8149706427522685 1.0 4.0 1.0 41
1.2483992910078276 1.0 4.0 1.0 45
0.0 1.9292700501405864 0.0 2.0 46
3.4157077242440907 1.0 0.0 1.0 47
2.6170021291041237 1.0 0.0 1.0 48
1.8351530924399921 1.0 0.0 1.0 49
1.1712059344617916 1.0 4.0 1.0 50
2.519370740656411 1.0 0.0 1.0 51
0.7049589971944665 1.0 4.0 1.0 53
3.9239396862446436 1.0 0.0 1.0 54
3.4842694398157787 1.0 0.0 1.0 55
4.0 1.5191042478197725 4.0 2.0 56
0.0 1.4512246001447835 0.0 2.0 57
4.0 0.13069932665361136 4.0 0.0 58
3.462032278919591 1.0 0.0 1.0 59
4.150643583229797 1.0 4.0 1.0 60
0.10850075959016982 1.0 4.0 1.0 61
4.0 0.6224444802645095 4.0 0.0 62
0.4634369373593974 1.0 4.0 1.0 63
0.0 0.9021996885660477 0.0 1.0 64
4.0 0.9710574642468831 4.0 1.0 65
4.0 1.0 5.0 1.0 66
4.307372418041575 1.0 4.0 1.0 67
0.0 0.8558787911743885 0.0 1.0 68
3.811162104859294 1.0 0.0 1.0 69
4.0 0.5456210811174494 4.0 1.0 70
4.326988035371673 1.0 4.0 1.0 71
0.0 0.5582693106972576 0.0 1.0 72
0.0 1.2449848315753902 0.0 1.0 73
4.0 1.3625757345833827 4.0 1.0 74
0.0 0.4461907804057442 0.0 1.0 75
4.0 0.4588663725162375 4.0 1.0 76
4.0 1.5807996126060295 4.0 1.0 77
4.640322361785072 1.0 4.0 1.0 78
0.0 0.12699090766574592 0.0 1.0 79
4.0 1.8391512348767372 4.0 1.0 80
0.0 2.0 0.0 1.0 81
4.0 0.0 4.0 1.0 82
5.0 1.0 4.0 1.0 83
*** t = 46
4.0 0.34674954878850756 4.0 0.0 1
0.559769560473465 1.0 0.0 1.0 3
3.315315953277133 1.0 0.0 1.0 6
2.4220037058244808 1.0 4.0 1.0 7
3.089419092018173 1.0 4.0 1.0 8
0.0 1.8915785286656972 0.0 2.0 10
1.8124111675933716 1.0 0.0 1.0 13
0.0 0.5441861874135976 0.0 0.0 14
4.146520656152674 1.0 5.0 1.0 16
4.0 1.297691488706157 4.0 2.0 17
2.1434491862420755 1.0 4.0 1.0 19
3.0867566034126144 1.0 4.0 1.0 23
1.2408119147358934 1.0 0.0 1.0 24
2.616221142049669 1.0 4.0 1.0 25
1.5302438913607714 1.0 0.0 1.0 26
1.7741110398684699 1.0 4.0 1.0 28
1.8990032965785069 1.0 0.0 1.0 29
2.787482177260695 1.0 4.0 1.0 30
3.327207895823101 1.0 0.0 1.0 32
2.2647258608776983 1.0 4.0 1.0 34
2.3843928807830483 1.0 4.0 1.0 35
1.0870674748987028 1.0 0.0 1.0 36
2.1133885972478486 1.0 0.0 1.0 37
1.5865368107137336 1.0 0.0 1.0 38
0.5279971836431389 1.0 4.0 1.0 39
2.5240018975447667 1.0 0.0 1.0 40
1.9545837691178276 1.0 4.0 1.0 41
1.361890135644903 1.0 4.0 1.0 45
3.3322373991361043 1.0 0.0 1.0 47
2.4787023420145364 1.0 0.0 1.0 48
1.6547491834766581 1.0 0.0 1.0 49
1.3013399271797683 1.0 4.0 1.0 50
2.371307814722052 1.0 0.0 1.0 51
0.8224521633935443 1.0 4.0 1.0 53
3.8478793724892877 1.0 0.0 1.0 54
3.3811233277789348 1.0 0.0 1.0 55
4.0 1.622925097383727 4.0 2.0 56
0.0 1.5640307501809791 0.0 2.0 57
3.3275403486494888 1.0 0.0 1.0 59
4.0798638818322805 1.0 4.0 1.0 60
0.21700151918033964 1.0 4.0 1.0 61
4.0 0.49659264035267936 4.0 0.0 62
0.6179159164791965 1.0 4.0 1.0 63
0.0 1.0 0.0 2.0 64
4.0 1.0 0.0 1.0 65
4.12084749132329 1.0 5.0 1.0 66
4.230413797823972 1.0 4.0 1.0 67
0.0 0.9781471899135868 0.0 1.0 68
3.6223242097185886 1.0 0.0 1.0 69
4.0 0.6365579279703577 4.0 1.0 70
4.214819374600284 1.0 4.0 1.0 71
0.0 0.6699231728367091 0.0 1.0 72
0.0 1.093981797890468 0.0 1.0 73
4.0 1.2350908815000592 4.0 1.0 74
0.0 0.5949210405409923 0.0 1.0 75
4.0 0.61182183002165 4.0 1.0 76
4.0 1.4410661501413724 4.0 1.0 77
4.52042981571343 1.0 4.0 1.0 78
0.0 0.25398181533149183 0.0 1.0 79
4.0 1.6783024697534747 4.0 1.0 80
0.0 1.8811965860516597 0.0 1.0 81
4.0 0.12097492422325709 4.0 1.0 82
4.9007021910134405 1.0 4.0 1.0 83
0.0 0.0 0.0 1.0 84
4.0 2.0 4.0 1.0 85
*** t = 47
4.0 0.21609945854620918 4.0 0.0 1
0.4555201532150852 1.0 0.0 1.0 3
3.275040421116964 1.0 0.0 1.0 6
2.5055210749908423 1.0 4.0 1.0 7
3.192399728418778 1.0 4.0 1.0 8
1.7282731355777319 1.0 0.0 1.0 13
0.0 0.39224824988479684 0.0 0.0 14
4.293041312305348 1.0 5.0 1.0 16
4.0 1.4465372330592354 4.0 2.0 17
2.2366426291221657 1.0 4.0 1.0 19
3.21537146188814 1.0 4.0 1.0 23
1.1208472153765843 1.0 0.0 1.0 24
2.7351402848701083 1.0 4.0 1.0 25
1.4179822500589887 1.0 0.0 1.0 26
1.8674853051247053 1.0 4.0 1.0 28
1.793953461407432 1.0 0.0 1.0 29
2.9268562861237295 1.0 4.0 1.0 30
3.2660449772615654 1.0 0.0 1.0 32
2.3905439642597925 1.0 4.0 1.0 34
2.516859151937662 1.0 4.0 1.0 35
0.9337552367354767 1.0 0.0 1.0 36
1.995475384575839 1.0 0.0 1.0 37
1.4445683878145417 1.0 0.0 1.0 38
0.5939968315985312 1.0 4.0 1.0 39
2.418573461655107 1.0 0.0 1.0 40
2.0941968954833867 1.0 4.0 1.0 41
1.4753809802819782 1.0 4.0 1.0 45
3.248767074028117 1.0 0.0 1.0 47
2.3404025549249483 1.0 0.0 1.0 48
1.474345274513324 1.0 0.0 1.0 49
1.431473919897745 1.0 4.0 1.0 50
2.2232448887876934 1.0 0.0 1.0 51
0.9399453295926221 1.0 4.0 1.0 53
3.7718190587339313 1.0 0.0 1.0 54
3.2779772157420903 1.0 0.0 1.0 55
4.0 1.7267459469476816 4.0 2.0 56
0.0 1.6768369002171752 0.0 2.0 57
3.193048418379387 1.0 0.0 1.0 59
4.009084180434764 1.0 4.0 1.0 60
0.3255022787705094 1.0 4.0 1.0 61
4.0 0.3707408004408492 4.0 0.0 62
0.7723948955989957 1.0 4.0 1.0 63
0.0 1.100244409840672 0.0 2.0 64
3.892104726194791 1.0 0.0 1.0 65
4.241694982646579 1.0 5.0 1.0 66
4.15345517760637 1.0 4.0 1.0 67
0.0 1.0 0.0 2.0 68
3.4334863145778827 1.0 0.0 1.0 69
4.0 0.727494774823266 4.0 1.0 70
4.102650713828896 1.0 4.0 1.0 71
0.0 0.7815770349761606 0.0 1.0 72
0.0 1.0 4.0 1.0 73
4.0 1.1076060284167357 4.0 1.0 74
0.0 0.7436513006762404 0.0 1.0 75
4.0 0.7647772875270625 4.0 1.0 76
4.0 1.3013326876767155 4.0 1.0 77
4.400537269641788 1.0 4.0 1.0 78
0.0 0.3809727229972377 0.0 1.0 79
4.0 1.5174537046302123 4.0 1.0 80
0.0 1.7623931721033192 0.0 1.0 81
4.0 0.24194984844651418 4.0 1.0 82
4.801404382026881 1.0 4.0 1.0 83
0.0 0.08977286510741952 0.0 1.0 84
4.0 1.8676458469081674 4.0 1.0 85
*** t = 48
4.0 0.08544936830391066 4.0 0.0 1
0.35127074595670593 1.0 0.0 1.0 3
3.2347648889567955 1.0 0.0 1.0 6
2.5890384441572043 1.0 4.0 1.0 7
3.295380364819384 1.0 4.0 1.0 8
1.644135103562092 1.0 0.0 1.0 13
0.0 0.24031031235599598 0.0 0.0 14
4.4395619684580225 1.0 5.0 1.0 16
4.0 1.5953829774123138 4.0 2.0 17
2.329836072002256 1.0 4.0 1.0 19
3.3439863203636655 1.0 4.0 1.0 23
1.0008825160172756 1.0 0.0 1.0 24
2.8540594276905478 1.0 4.0 1.0 25
1.3057206087572057 1.0 0.0 1.0 26
1.9608595703809406 1.0 4.0 1.0 28
1.6889036262363573 1.0 0.0 1.0 29
3.066230394986764 1.0 4.0 1.0 30
3.2048820587000284 1.0 0.0 1.0 32
2.5163620676418867 1.0 4.0 1.0 34
2.649325423092276 1.0 4.0 1.0 35
0.7804429985722504 1.0 0.0 1.0 36
1.8775621719038296 1.0 0.0 1.0 37
1.30259996491535 1.0 0.0 1.0 38
0.6599964795539236 1.0 4.0 1.0 39
2.313145025765447 1.0 0.0 1.0 40
2.233810021848946 1.0 4.0 1.0 41
1.5888718249190534 1.0 4.0 1.0 45
3.1652967489201296 1.0 0.0 1.0 47
2.2021027678353606 1.0 0.0 1.0 48
1.2939413655499903 1.0 0.0 1.0 49
1.5616079126157216 1.0 4.0 1.0 50
2.075181962853334 1.0 0.0 1.0 51
1.0574384957916998 1.0 4.0 1.0 53
3.695758744978575 1.0 0.0 1.0 54
3.1748311037052463 1.0 0.0 1.0 55
4.0 1.8305667965116361 4.0 2.0 56
0.0 1.7896430502533713 0.0 2.0 57
3.058556488109284 1.0 0.0 1.0 59
4.0 1.0 0.0 1.0 60
0.43400303836067927 1.0 4.0 1.0 61
4.0 0.24488896052901907 4.0 0.0 62
0.9268738747187948 1.0 4.0 1.0 63
0.0 1.200488819681344 0.0 2.0 64
3.7842094523895815 1.0 0.0 1.0 65
4.362542473969869 1.0 5.0 1.0 66
4.076496557388766 1.0 4.0 1.0 67
0.0 1.1222683987391984 0.0 2.0 68
3.244648419437177 1.0 0.0 1.0 69
4.0 0.8184316216761742 4.0 1.0 70
4.0 1.0 0.0 1.0 71
0.0 0.8932308971156121 0.0 1.0 72
0.151003033684922 1.0 4.0 1.0 73
4.0 1.0 0.0 1.0 74
0.0 0.8923815608114883 0.0 1.0 75
4.0 0.917732745032475 4.0 1.0 76
4.0 1.1615992252120586 4.0 1.0 77
4.280644723570146 1.0 4.0 1.0 78
0.0 0.5079636306629837 0.0 1.0 79
4.0 1.3566049395069495 4.0 1.0 80
0.0 1.6435897581549792 0.0 1.0 81
4.0 0.3629247726697713 4.0 1.0 82
4.702106573040322 1.0 4.0 1.0 83
0.0 0.17954573021483905 0.0 1.0 84
4.0 1.735291693816335 4.0 1.0 85
0.0 0.0 0.0 1.0 86
4.0 0.0 4.0 1.0 87
4.0 2.0 4.0 1.0 88
5.0 1.0 4.0 1.0 89
*** t = 49
0.24702133869832607 1.0 0.0 1.0 3
3.194489356796627 1.0 0.0 1.0 6
2.6725558133235654 1.0 4.0 1.0 7
3.3983610012199894 1.0 4.0 1.0 8
1.5599970715464524 1.0 0.0 1.0 13
0.0 0.08837237482719516 0.0 0.0 14
4.586082624610697 1.0 5.0 1.0 16
4.0 1.7442287217653925 4.0 2.0 17
2.423029514882346 1.0 4.0 1.0 19
3.472601178839191 1.0 4.0 1.0 23
0.8809178166579664 1.0 0.0 1.0 24
2.9729785705109872 1.0 4.0 1.0 25
1.1934589674554223 1.0 0.0 1.0 26
2.0542338356371754 1.0 4.0 1.0 28
1.5838537910652826 1.0 0.0 1.0 29
3.205604503849799 1.0 4.0 1.0 30
3.1437191401384927 1.0 0.0 1.0 32
2.642180171023981 1.0 4.0 1.0 34
2.78179169424689 1.0 4.0 1.0 35
0.6271307604090243 1.0 0.0 1.0 36
1.75964895923182 1.0 0.0 1.0 37
1.1606315420161577 1.0 0.0 1.0 38
0.725996127509316 1.0 4.0 1.0 39
2.207716589875788 1.0 0.0 1.0 40
2.373423148214505 1.0 4.0 1.0 41
1.7023626695561287 1.0 4.0 1.0 45
3.081826423812143 1.0 0.0 1.0 47
2.0638029807457734 1.0 0.0 1.0 48
1.1135374565866563 1.0 0.0 1.0 49
1.6917419053336986 1.0 4.0 1.0 50
1.9271190369189752 1.0 0.0 1.0 51
1.1749316619907775 1.0 4.0 1.0 53
3.619698431223219 1.0 0.0 1.0 54
3.071684991668402 1.0 0.0 1.0 55
4.0 1.9343876460755904 4.0 2.0 56
0.0 1.902449200289567 0.0 2.0 57
2.924064557839182 1.0 0.0 1.0 59
3.929220298602483 1.0 0.0 1.0 60
0.5425037979508491 1.0 4.0 1.0 61
4.0 0.11903712061718892 4.0 0.0 62
1.081352853838594 1.0 4.0 1.0 63
0.0 1.3007332295220158 0.0 2.0 64
3.6763141785843727 1.0 0.0 1.0 65
4.483389965293159 1.0 5.0 1.0 66
4.0 1.0 0.0 1.0 67
0.0 1.2445367974783967 0.0 2.0 68
3.0558105242964713 1.0 0.0 1.0 69
4.0 0.9093684685290825 4.0 1.0 70
3.887831339228612 1.0 0.0 1.0 71
0.0 1.0 4.0 1.0 72
0.302006067369844 1.0 4.0 1.0 73
3.8725151469166765 1.0 0.0 1.0 74
0.0 1.0 0.0 2.0 75
4.0 1.0 0.0 1.0 76
4.0 1.0218657627474017 4.0 1.0 77
4.1607521774985035 1.0 4.0 1.0 78
0.0 0.6349545383287296 0.0 1.0 79
4.0 1.1957561743836869 4.0 1.0 80
0.0 1.524786344206639 0.0 1.0 81
4.0 0.48389969689302836 4.0 1.0 82
4.602808764053763 1.0 4.0 1.0 83
0.0 0.26931859532225855 0.0 1.0 84
4.0 1.6029375407245023 4.0 1.0 85
0.0 0.12732214259978994 0.0 1.0 86
4.0 0.11637791616091436 4.0 1.0 87
4.0 1.8505814162494596 4.0 1.0 88
4.886270557136248 1.0 4.0 1.0 89
