*** t = 0
*** t = 1
*** t = 2
0.0 0.0 0.0 1.0 1
4.0 2.0 4.0 1.0 2
*** t = 3
0.0 0.13776380222757875 0.0 1.0 1
4.0 1.8801313833649058 4.0 1.0 2
4.0 0.0 4.0 1.0 3
5.0 1.0 4.0 1.0 4
*** t = 4
0.0 0.2755276044551575 0.0 1.0 1
4.0 1.7602627667298116 4.0 1.0 2
4.0 0.08581034435972605 4.0 1.0 3
4.87809854123833 1.0 4.0 1.0 4
0.0 0.0 0.0 1.0 5
4.0 2.0 4.0 1.0 6
*** t = 5
0.0 0.41329140668273623 0.0 1.0 1
4.0 1.6403941500947172 4.0 1.0 2
4.0 0.1716206887194521 4.0 1.0 3
4.75619708247666 1.0 4.0 1.0 4
0.0 0.08140818239433927 0.0 1.0 5
4.0 1.9121560655584289 4.0 1.0 6
0.0 2.0 0.0 1.0 7
*** t = 6
0.0 0.551055208910315 0.0 1.0 1
4.0 1.5205255334596233 4.0 1.0 2
4.0 0.25743103307917814 4.0 1.0 3
4.634295623714991 1.0 4.0 1.0 4
0.0 0.16281636478867853 0.0 1.0 5
4.0 1.824312131116858 4.0 1.0 6
0.0 1.8925828663160913 0.0 1.0 7
0.0 0.0 0.0 1.0 8
4.0 0.0 4.0 1.0 9
4.0 2.0 4.0 1.0 10
5.0 1.0 4.0 1.0 11
*** t = 7
0.0 0.6888190111378938 0.0 1.0 1
4.0 1.4006569168245289 4.0 1.0 2
4.0 0.3432413774389042 4.0 1.0 3
4.512394164953321 1.0 4.0 1.0 4
0.0 0.24422454718301778 0.0 1.0 5
4.0 1.7364681966752868 4.0 1.0 6
0.0 1.785165732632183 0.0 1.0 7
0.0 0.1426314211981858 0.0 1.0 8
4.0 0.13933255332273717 4.0 1.0 9
4.0 1.8669738220592 4.0 1.0 10
4.858647483523464 1.0 4.0 1.0 11
*** t = 8
0.0 0.8265828133654726 0.0 1.0 1
4.0 1.2807883001894347 4.0 1.0 2
4.0 0.42905172179863027 4.0 1.0 3
4.390492706191651 1.0 4.0 1.0 4
0.0 0.32563272957735706 0.0 1.0 5
4.0 1.648624262233716 4.0 1.0 6
0.0 1.6777485989482743 0.0 1.0 7
0.0 0.2852628423963716 0.0 1.0 8
4.0 0.27866510664547434 4.0 1.0 9
4.0 1.7339476441183999 4.0 1.0 10
4.717294967046929 1.0 4.0 1.0 11
0.0 0.0 0.0 1.0 12
4.0 2.0 4.0 1.0 13
*** t = 9
0.0 0.9643466155930515 0.0 1.0 1
4.0 1.1609196835543407 4.0 1.0 2
4.0 0.5148620661583563 4.0 1.0 3
4.268591247429981 1.0 4.0 1.0 4
0.0 0.40704091197169634 0.0 1.0 5
4.0 1.5607803277921448 4.0 1.0 6
0.0 1.5703314652643658 0.0 1.0 7
0.0 0.4278942635945574 0.0 1.0 8
4.0 0.41799765996821153 4.0 1.0 9
4.0 1.6009214661776 4.0 1.0 10
4.575942450570394 1.0 4.0 1.0 11
0.0 0.14619187481528506 0.0 1.0 12
4.0 1.895610826141307 4.0 1.0 13
4.0 0.0 4.0 1.0 14
5.0 1.0 4.0 1.0 15
*** t = 10
0.0 1.0 0.0 2.0 1
4.0 1.0410510669192465 4.0 1.0 2
4.0 0.6006724105180823 4.0 1.0 3
4.146689788668311 1.0 4.0 1.0 4
0.0 0.4884490943660357 0.0 1.0 5
4.0 1.4729363933505735 4.0 1.0 6
0.0 1.4629143315804571 0.0 1.0 7
0.0 0.5705256847927432 0.0 1.0 8
4.0 0.5573302132909487 4.0 1.0 9
4.0 1.4678952882367997 4.0 1.0 10
4.434589934093859 1.0 4.0 1.0 11
0.0 0.2923837496305701 0.0 1.0 12
4.0 1.7912216522826139 4.0 1.0 13
4.0 0.1292455670087748 4.0 1.0 14
4.912100091984148 1.0 4.0 1.0 15
0.0 0.0 0.0 1.0 16
0.0 2.0 0.0 1.0 17
4.0 2.0 4.0 1.0 18
*** t = 11
0.0 1.137763802227579 0.0 2.0 1
4.0 1.0 4.0 0.0 2
4.0 0.6864827548778084 4.0 1.0 3
4.024788329906642 1.0 4.0 1.0 4
0.0 0.5698572767603749 0.0 1.0 5
4.0 1.3850924589090028 4.0 1.0 6
0.0 1.3554971978965489 0.0 1.0 7
0.0 0.7131571059909291 0.0 1.0 8
4.0 0.6966627666136859 4.0 1.0 9
4.0 1.3348691102959998 4.0 1.0 10
4.293237417617323 1.0 4.0 1.0 11
0.0 0.4385756244458552 0.0 1.0 12
4.0 1.6868324784239208 4.0 1.0 13
4.0 0.2584911340175496 4.0 1.0 14
4.824200183968297 1.0 4.0 1.0 15
0.0 0.15216658173069436 0.0 1.0 16
0.0 1.8985612407482888 0.0 1.0 17
4.0 1.8818276061388501 4.0 1.0 18
*** t = 12
0.0 1.2755276044551576 0.0 2.0 1
4.0 0.8801313833649058 4.0 0.0 2
4.0 0.7722930992375343 4.0 1.0 3
4.0 1.0 4.0 2.0 4
0.0 0.6512654591547141 0.0 1.0 5
4.0 1.2972485244674314 4.0 1.0 6
0.0 1.2480800642126404 0.0 1.0 7
0.0 0.8557885271891149 0.0 1.0 8
4.0 0.8359953199364231 4.0 1.0 9
4.0 1.2018429323551998 4.0 1.0 10
4.151884901140789 1.0 4.0 1.0 11
0.0 0.5847674992611402 0.0 1.0 12
4.0 1.582443304565228 4.0 1.0 13
4.0 0.38773670102632435 4.0 1.0 14
4.736300275952445 1.0 4.0 1.0 15
0.0 0.3043331634613887 0.0 1.0 16
0.0 1.7971224814965776 0.0 1.0 17
4.0 1.7636552122777007 4.0 1.0 18
0.0 0.0 0.0 1.0 19
4.0 0.0 4.0 1.0 20
4.0 2.0 4.0 1.0 21
5.0 1.0 4.0 1.0 22
*** t = 13
0.0 1.4132914066827362 0.0 2.0 1
4.0 0.7602627667298116 4.0 0.0 2
4.0 0.8581034435972603 4.0 1.0 3
4.0 1.1219014587616698 4.0 2.0 4
0.0 0.7326736415490533 0.0 1.0 5
4.0 1.2094045900258603 4.0 1.0 6
0.0 1.140662930528732 0.0 1.0 7
0.0 0.9984199483873007 0.0 1.0 8
4.0 0.9753278732591604 4.0 1.0 9
4.0 1.0688167544143996 4.0 1.0 10
4.010532384664253 1.0 4.0 1.0 11
0.0 0.7309593740764254 0.0 1.0 12
4.0 1.478054130706535 4.0 1.0 13
4.0 0.5169822680350992 4.0 1.0 14
4.648400367936593 1.0 4.0 1.0 15
0.0 0.4564997451920831 0.0 1.0 16
0.0 1.6956837222448664 0.0 1.0 17
4.0 1.6454828184165513 4.0 1.0 18
0.0 0.1116963639388617 0.0 1.0 19
4.0 0.09159476076334752 4.0 1.0 20
4.0 1.8908817671404967 4.0 1.0 21
4.824668708195864 1.0 4.0 1.0 22
*** t = 14
0.0 1.5510552089103151 0.0 2.0 1
4.0 0.6403941500947173 4.0 0.0 2
4.0 0.9439137879569863 4.0 1.0 3
4.0 1.2438029175233396 4.0 2.0 4
0.0 0.8140818239433927 0.0 1.0 5
4.0 1.1215606555842892 4.0 1.0 6
0.0 1.0332457968448234 0.0 1.0 7
0.0 1.0 4.0 1.0 8
4.0 1.0 0.0 1.0 9
4.0 1.0 0.0 1.0 10
4.0 1.0 0.0 1.0 11
0.0 0.8771512488917104 0.0 1.0 12
4.0 1.3736649568478418 4.0 1.0 13
4.0 0.646227835043874 4.0 1.0 14
4.560500459920741 1.0 4.0 1.0 15
0.0 0.6086663269227774 0.0 1.0 16
0.0 1.5942449629931554 0.0 1.0 17
4.0 1.5273104245554014 4.0 1.0 18
0.0 0.2233927278777234 0.0 1.0 19
4.0 0.18318952152669504 4.0 1.0 20
4.0 1.781763534280993 4.0 1.0 21
4.649337416391728 1.0 4.0 1.0 22
0.0 0.0 0.0 1.0 23
4.0 2.0 4.0 1.0 24
*** t = 15
0.0 1.6888190111378938 0.0 2.0 1
4.0 0.5205255334596233 4.0 0.0 2
4.0 1.0 0.0 1.0 3
4.0 1.3657043762850094 4.0 2.0 4
0.0 0.8954900063377318 0.0 1.0 5
4.0 1.033716721142718 4.0 1.0 6
0.0 1.0 4.0 1.0 7
0.1426314211981858 1.0 4.0 1.0 8
3.860667446677263 1.0 0.0 1.0 9
3.8669738220592 1.0 0.0 1.0 10
3.8586474835234643 1.0 0.0 1.0 11
0.0 1.0 4.0 1.0 12
4.0 1.2692757829891486 4.0 1.0 13
4.0 0.7754734020526487 4.0 1.0 14
4.47260055190489 1.0 4.0 1.0 15
0.0 0.7608329086534718 0.0 1.0 16
0.0 1.492806203741444 0.0 1.0 17
4.0 1.409138030694252 4.0 1.0 18
0.0 0.3350890918165851 0.0 1.0 19
4.0 0.2747842822900426 4.0 1.0 20
4.0 1.6726453014214897 4.0 1.0 21
4.474006124587592 1.0 4.0 1.0 22
0.0 0.1249453876237057 0.0 1.0 23
4.0 1.9014278309589603 4.0 1.0 24
0.0 2.0 0.0 1.0 25
4.0 0.0 4.0 1.0 26
5.0 1.0 4.0 1.0 27
*** t = 16
0.0 1.8265828133654725 0.0 2.0 1
4.0 0.40065691682452903 4.0 0.0 2
3.914189655640274 1.0 0.0 1.0 3
4.0 1.4876058350466792 4.0 2.0 4
0.0 0.976898188732071 0.0 1.0 5
4.0 1.0 0.0 1.0 6
0.10741713368390853 1.0 4.0 1.0 7
0.2852628423963716 1.0 4.0 1.0 8
3.7213348933545256 1.0 0.0 1.0 9
3.7339476441184 1.0 0.0 1.0 10
3.717294967046929 1.0 0.0 1.0 11
0.14619187481528506 1.0 4.0 1.0 12
4.0 1.1648866091304557 4.0 1.0 13
4.0 0.9047189690614235 4.0 1.0 14
4.384700643889038 1.0 4.0 1.0 15
0.0 0.912999490384166 0.0 1.0 16
0.0 1.391367444489733 0.0 1.0 17
4.0 1.2909656368331022 4.0 1.0 18
0.0 0.4467854557554468 0.0 1.0 19
4.0 0.3663790430533901 4.0 1.0 20
4.0 1.5635270685619864 4.0 1.0 21
4.298674832783456 1.0 4.0 1.0 22
0.0 0.2498907752474114 0.0 1.0 23
4.0 1.8028556619179201 4.0 1.0 24
0.0 1.8327064945273202 0.0 1.0 25
4.0 0.11802417050488678 4.0 1.0 26
4.8330357305855225 1.0 4.0 1.0 27
0.0 0.0 0.0 1.0 28
4.0 2.0 4.0 1.0 29
*** t = 17
0.0 1.9643466155930513 0.0 2.0 1
4.0 0.2807883001894348 4.0 0.0 2
3.828379311280548 1.0 0.0 1.0 3
4.0 1.6095072938083488 4.0 2.0 4
0.0 1.0 4.0 1.0 5
3.912156065558429 1.0 0.0 1.0 6
0.21483426736781705 1.0 4.0 1.0 7
0.4278942635945574 1.0 4.0 1.0 8
3.582002340031788 1.0 0.0 1.0 9
3.6009214661775997 1.0 0.0 1.0 10
3.5759424505703943 1.0 0.0 1.0 11
0.2923837496305701 1.0 4.0 1.0 12
4.0 1.0604974352717627 4.0 1.0 13
4.0 1.0 4.0 2.0 14
4.296800735873186 1.0 4.0 1.0 15
0.0 1.0 0.0 2.0 16
0.0 1.2899286852380216 0.0 1.0 17
4.0 1.1727932429719525 4.0 1.0 18
0.0 0.5584818196943085 0.0 1.0 19
4.0 0.45797380381673763 4.0 1.0 20
4.0 1.4544088357024827 4.0 1.0 21
4.123343540979319 1.0 4.0 1.0 22
0.0 0.3748361628711171 0.0 1.0 23
4.0 1.7042834928768804 4.0 1.0 24
0.0 1.6654129890546405 0.0 1.0 25
4.0 0.23604834100977357 4.0 1.0 26
4.666071461171046 1.0 4.0 1.0 27
0.0 0.131612071638946 0.0 1.0 28
4.0 1.8634698641104368 4.0 1.0 29
*** t = 18
4.0 0.1609196835543406 4.0 0.0 2
3.742568966920822 1.0 0.0 1.0 3
4.0 1.7314087525700186 4.0 2.0 4
0.08140818239433927 1.0 4.0 1.0 5
3.8243121311168577 1.0 0.0 1.0 6
0.32225140105172556 1.0 4.0 1.0 7
0.5705256847927432 1.0 4.0 1.0 8
3.442669786709051 1.0 0.0 1.0 9
3.4678952882367997 1.0 0.0 1.0 10
3.4345899340938586 1.0 0.0 1.0 11
0.4385756244458552 1.0 4.0 1.0 12
4.0 1.0 5.0 1.0 13
4.0 1.1292455670087747 4.0 2.0 14
4.208900827857334 1.0 4.0 1.0 15
0.0 1.1521665817306943 0.0 2.0 16
0.0 1.1884899259863106 0.0 1.0 17
4.0 1.054620849110803 4.0 1.0 18
0.0 0.6701781836331704 0.0 1.0 19
4.0 0.5495685645800851 4.0 1.0 20
4.0 1.3452906028429794 4.0 1.0 21
4.0 1.0 4.0 0.0 22
0.0 0.4997815504948228 0.0 1.0 23
4.0 1.6057113238358403 4.0 1.0 24
0.0 1.4981194835819611 0.0 1.0 25
4.0 0.35407251151466035 4.0 1.0 26
4.499107191756568 1.0 4.0 1.0 27
0.0 0.263224143277892 0.0 1.0 28
4.0 1.7269397282208734 4.0 1.0 29
0.0 0.0 0.0 1.0 30
4.0 0.0 4.0 1.0 31
4.0 2.0 4.0 1.0 32
5.0 1.0 4.0 1.0 33
*** t = 19
4.0 0.04105106691924647 4.0 0.0 2
3.6567586225610955 1.0 0.0 1.0 3
4.0 1.8533102113316884 4.0 2.0 4
0.16281636478867853 1.0 4.0 1.0 5
3.736468196675287 1.0 0.0 1.0 6
0.4296685347356341 1.0 4.0 1.0 7
0.7131571059909291 1.0 4.0 1.0 8
3.3033372333863142 1.0 0.0 1.0 9
3.3348691102959998 1.0 0.0 1.0 10
3.2932374176173234 1.0 0.0 1.0 11
0.5847674992611402 1.0 4.0 1.0 12
4.104389173858693 1.0 5.0 1.0 13
4.0 1.2584911340175495 4.0 2.0 14
4.121000919841482 1.0 4.0 1.0 15
0.0 1.3043331634613886 0.0 2.0 16
0.0 1.0870511667345994 0.0 1.0 17
4.0 1.0 0.0 1.0 18
0.0 0.781874547572032 0.0 1.0 19
4.0 0.6411633253434326 4.0 1.0 20
4.0 1.2361723699834761 4.0 1.0 21
4.0 0.8246687081958639 4.0 0.0 22
0.0 0.6247269381185285 0.0 1.0 23
4.0 1.5071391547948005 4.0 1.0 24
0.0 1.3308259781092813 0.0 1.0 25
4.0 0.47209668201954713 4.0 1.0 26
4.33214292234209 1.0 4.0 1.0 27
0.0 0.394836214916838 0.0 1.0 28
4.0 1.5904095923313102 4.0 1.0 29
0.0 0.12166937523353655 0.0 1.0 30
4.0 0.11299398104318482 4.0 1.0 31
4.0 1.8752584203123124 4.0 1.0 32
4.8896463581114835 1.0 4.0 1.0 33
*** t = 20
3.5709482782013695 1.0 0.0 1.0 3
4.0 1.9752116700933582 4.0 2.0 4
0.24422454718301778 1.0 4.0 1.0 5
3.648624262233716 1.0 0.0 1.0 6
0.5370856684195426 1.0 4.0 1.0 7
0.8557885271891149 1.0 4.0 1.0 8
3.164004680063577 1.0 0.0 1.0 9
3.2018429323552 1.0 0.0 1.0 10
3.151884901140788 1.0 0.0 1.0 11
0.7309593740764254 1.0 4.0 1.0 12
4.208778347717386 1.0 5.0 1.0 13
4.0 1.3877367010263242 4.0 2.0 14
4.0331010118256305 1.0 4.0 1.0 15
0.0 1.4564997451920831 0.0 2.0 16
0.0 1.0 0.0 0.0 17
3.88182760613885 1.0 0.0 1.0 18
0.0 0.8935709115108937 0.0 1.0 19
4.0 0.7327580861067802 4.0 1.0 20
4.0 1.1270541371239728 4.0 1.0 21
4.0 0.6493374163917278 4.0 0.0 22
0.0 0.7496723257422342 0.0 1.0 23
4.0 1.4085669857537604 4.0 1.0 24
0.0 1.1635324726366014 0.0 1.0 25
4.0 0.5901208525244339 4.0 1.0 26
4.165178652927613 1.0 4.0 1.0 27
0.0 0.526448286555784 0.0 1.0 28
4.0 1.453879456441747 4.0 1.0 29
0.0 0.2433387504670731 0.0 1.0 30
4.0 0.22598796208636965 4.0 1.0 31
4.0 1.7505168406246248 4.0 1.0 32
4.779292716222968 1.0 4.0 1.0 33
0.0 0.0 0.0 1.0 34
0.0 2.0 0.0 1.0 35
4.0 2.0 4.0 1.0 36
*** t = 21
3.485137933841644 1.0 0.0 1.0 3
0.32563272957735706 1.0 4.0 1.0 5
3.560780327792145 1.0 0.0 1.0 6
0.6445028021034511 1.0 4.0 1.0 7
0.9984199483873007 1.0 4.0 1.0 8
3.0246721267408394 1.0 0.0 1.0 9
3.0688167544143994 1.0 0.0 1.0 10
3.010532384664253 1.0 0.0 1.0 11
0.8771512488917104 1.0 4.0 1.0 12
4.313167521576079 1.0 5.0 1.0 13
4.0 1.5169822680350993 4.0 2.0 14
4.0 1.0 0.0 1.0 15
0.0 1.6086663269227772 0.0 2.0 16
0.0 0.8985612407482888 0.0 0.0 17
3.7636552122777003 1.0 0.0 1.0 18
0.0 1.0 0.0 2.0 19
4.0 0.8243528468701276 4.0 1.0 20
4.0 1.0179359042644693 4.0 1.0 21
4.0 0.4740061245875917 4.0 0.0 22
0.0 0.8746177133659399 0.0 1.0 23
4.0 1.3099948167127207 4.0 1.0 24
0.0 1.0 4.0 1.0 25
4.0 0.7081450230293207 4.0 1.0 26
4.0 1.0 4.0 0.0 27
0.0 0.65806035819473 0.0 1.0 28
4.0 1.317349320552184 4.0 1.0 29
0.0 0.36500812570060964 0.0 1.0 30
4.0 0.3389819431295545 4.0 1.0 31
4.0 1.6257752609369374 4.0 1.0 32
4.668939074334451 1.0 4.0 1.0 33
0.0 0.15976576083157765 0.0 1.0 34
0.0 1.8539441864263453 0.0 1.0 35
4.0 1.8993876545805772 4.0 1.0 36
4.0 0.0 4.0 1.0 37
5.0 1.0 4.0 1.0 38
*** t = 22
3.3993275894819175 1.0 0.0 1.0 3
0.40704091197169634 1.0 4.0 1.0 5
3.4729363933505737 1.0 0.0 1.0 6
0.7519199357873596 1.0 4.0 1.0 7
1.1410513695854865 1.0 4.0 1.0 8
2.8853395734181024 1.0 0.0 1.0 9
2.9357905764735994 1.0 0.0 1.0 10
2.869179868187717 1.0 0.0 1.0 11
1.0233431237069954 1.0 4.0 1.0 12
4.417556695434772 1.0 5.0 1.0 13
4.0 1.646227835043874 4.0 2.0 14
3.912100091984148 1.0 0.0 1.0 15
0.0 1.7608329086534718 0.0 2.0 16
0.0 0.7971224814965777 0.0 0.0 17
3.6454828184165513 1.0 0.0 1.0 18
0.0 1.1116963639388617 0.0 2.0 19
4.0 0.915947607633475 4.0 1.0 20
4.0 1.0 0.0 1.0 21
4.0 0.2986748327834556 4.0 0.0 22
0.0 0.9995631009896455 0.0 1.0 23
4.0 1.2114226476716805 4.0 1.0 24
0.1672935054726797 1.0 4.0 1.0 25
4.0 0.8261691935342074 4.0 1.0 26
4.0 0.8330357305855226 4.0 0.0 27
0.0 0.789672429833676 0.0 1.0 28
4.0 1.1808191846626206 4.0 1.0 29
0.0 0.4866775009341462 0.0 1.0 30
4.0 0.4519759241727393 4.0 1.0 31
4.0 1.5010336812492497 4.0 1.0 32
4.558585432445935 1.0 4.0 1.0 33
0.0 0.3195315216631553 0.0 1.0 34
0.0 1.7078883728526904 0.0 1.0 35
4.0 1.7987753091611547 4.0 1.0 36
4.0 0.1322900532510296 4.0 1.0 37
4.854364509416968 1.0 4.0 1.0 38
0.0 0.0 0.0 1.0 39
4.0 2.0 4.0 1.0 40
*** t = 23
3.3135172451221915 1.0 0.0 1.0 3
0.4884490943660357 1.0 4.0 1.0 5
3.3850924589090026 1.0 0.0 1.0 6
0.8593370694712681 1.0 4.0 1.0 7
1.2836827907836723 1.0 4.0 1.0 8
2.746007020095366 1.0 0.0 1.0 9
2.8027643985327995 1.0 0.0 1.0 10
2.7278273517111824 1.0 0.0 1.0 11
1.1695349985222805 1.0 4.0 1.0 12
4.521945869293465 1.0 5.0 1.0 13
4.0 1.7754734020526488 4.0 2.0 14
3.824200183968297 1.0 0.0 1.0 15
0.0 1.912999490384166 0.0 2.0 16
0.0 0.6956837222448665 0.0 0.0 17
3.5273104245554014 1.0 0.0 1.0 18
0.0 1.2233927278777235 0.0 2.0 19
4.0 1.0 0.0 1.0 20
3.8908817671404967 1.0 0.0 1.0 21
4.0 0.1233435409793195 4.0 0.0 22
0.0 1.0 0.0 2.0 23
4.0 1.1128504786306406 4.0 1.0 24
0.3345870109453594 1.0 4.0 1.0 25
4.0 0.9441933640390943 4.0 1.0 26
4.0 0.6660714611710452 4.0 0.0 27
0.0 0.9212845014726219 0.0 1.0 28
4.0 1.0442890487730576 4.0 1.0 29
0.0 0.6083468761676827 0.0 1.0 30
4.0 0.5649699052159242 4.0 1.0 31
4.0 1.3762921015615621 4.0 1.0 32
4.4482317905574185 1.0 4.0 1.0 33
0.0 0.4792972824947329 0.0 1.0 34
0.0 1.5618325592790359 0.0 1.0 35
4.0 1.698162963741732 4.0 1.0 36
4.0 0.2645801065020592 4.0 1.0 37
4.708729018833936 1.0 4.0 1.0 38
0.0 0.12454642552266564 0.0 1.0 39
4.0 1.8976487589608682 4.0 1.0 40
*** t = 24
3.227706900762466 1.0 0.0 1.0 3
0.5698572767603749 1.0 4.0 1.0 5
3.297248524467432 1.0 0.0 1.0 6
0.9667542031551766 1.0 4.0 1.0 7
1.4263142119818581 1.0 4.0 1.0 8
2.6066744667726285 1.0 0.0 1.0 9
2.6697382205919995 1.0 0.0 1.0 10
2.586474835234647 1.0 0.0 1.0 11
1.3157268733375656 1.0 4.0 1.0 12
4.626335043152158 1.0 5.0 1.0 13
4.0 1.9047189690614235 4.0 2.0 14
3.736300275952445 1.0 0.0 1.0 15
0.0 0.5942449629931553 0.0 0.0 17
3.4091380306942516 1.0 0.0 1.0 18
0.0 1.3350890918165852 0.0 2.0 19
3.908405239236653 1.0 0.0 1.0 20
3.7817635342809934 1.0 0.0 1.0 21
0.0 1.1249453876237057 0.0 2.0 23
4.0 1.0142783095896006 4.0 1.0 24
0.5018805164180391 1.0 4.0 1.0 25
4.0 1.0 0.0 1.0 26
4.0 0.4991071917565679 4.0 0.0 27
0.0 1.0 4.0 1.0 28
4.0 1.0 0.0 1.0 29
0.0 0.7300162514012192 0.0 1.0 30
4.0 0.677963886259109 4.0 1.0 31
4.0 1.2515505218738745 4.0 1.0 32
4.337878148668903 1.0 4.0 1.0 33
0.0 0.6390630433263106 0.0 1.0 34
0.0 1.4157767457053811 0.0 1.0 35
4.0 1.5975506183223092 4.0 1.0 36
4.0 0.3968701597530888 4.0 1.0 37
4.563093528250904 1.0 4.0 1.0 38
0.0 0.24909285104533127 0.0 1.0 39
4.0 1.7952975179217363 4.0 1.0 40
0.0 0.0 0.0 1.0 41
4.0 0.0 4.0 1.0 42
4.0 2.0 4.0 1.0 43
5.0 1.0 4.0 1.0 44
*** t = 25
3.1418965564027395 1.0 0.0 1.0 3
0.6512654591547141 1.0 4.0 1.0 5
3.2094045900258608 1.0 0.0 1.0 6
1.074171336839085 1.0 4.0 1.0 7
1.568945633180044 1.0 4.0 1.0 8
2.467341913449891 1.0 0.0 1.0 9
2.5367120426511995 1.0 0.0 1.0 10
2.445122318758112 1.0 0.0 1.0 11
1.4619187481528508 1.0 4.0 1.0 12
4.730724217010851 1.0 5.0 1.0 13
3.648400367936593 1.0 0.0 1.0 15
0.0 0.4928062037414441 0.0 0.0 17
3.2909656368331026 1.0 0.0 1.0 18
0.0 1.446785455755447 0.0 2.0 19
3.816810478473305 1.0 0.0 1.0 20
3.6726453014214893 1.0 0.0 1.0 21
0.0 1.2498907752474113 0.0 2.0 23
4.0 1.0 0.0 1.0 24
0.6691740218907188 1.0 4.0 1.0 25
3.881975829495113 1.0 0.0 1.0 26
4.0 0.33214292234209053 4.0 0.0 27
0.131612071638946 1.0 4.0 1.0 28
3.863469864110437 1.0 0.0 1.0 29
0.0 0.8516856266347557 0.0 1.0 30
4.0 0.7909578673022938 4.0 1.0 31
4.0 1.1268089421861869 4.0 1.0 32
4.227524506780387 1.0 4.0 1.0 33
0.0 0.7988288041578884 0.0 1.0 34
0.0 1.2697209321317262 0.0 1.0 35
4.0 1.4969382729028866 4.0 1.0 36
4.0 0.5291602130041184 4.0 1.0 37
4.417458037667871 1.0 4.0 1.0 38
0.0 0.3736392765679969 0.0 1.0 39
4.0 1.6929462768826045 4.0 1.0 40
0.0 0.12915928950477698 0.0 1.0 41
4.0 0.07964821993453962 4.0 1.0 42
4.0 1.8782413702765732 4.0 1.0 43
4.866896163946538 1.0 4.0 1.0 44
0.0 2.0 0.0 1.0 45
*** t = 26
3.0560862120430135 1.0 0.0 1.0 3
0.7326736415490533 1.0 4.0 1.0 5
3.121560655584289 1.0 0.0 1.0 6
1.1815884705229935 1.0 4.0 1.0 7
1.7115770543782298 1.0 4.0 1.0 8
2.328009360127154 1.0 0.0 1.0 9
2.4036858647103996 1.0 0.0 1.0 10
2.3037698022815762 1.0 0.0 1.0 11
1.6081106229681357 1.0 4.0 1.0 12
4.8351133908695445 1.0 5.0 1.0 13
3.560500459920741 1.0 0.0 1.0 15
0.0 0.391367444489733 0.0 0.0 17
3.1727932429719528 1.0 0.0 1.0 18
0.0 1.5584818196943087 0.0 2.0 19
3.7252157177099576 1.0 0.0 1.0 20
3.563527068561986 1.0 0.0 1.0 21
0.0 1.3748361628711172 0.0 2.0 23
3.90142783095896 1.0 0.0 1.0 24
0.8364675273633986 1.0 4.0 1.0 25
3.7639516589902264 1.0 0.0 1.0 26
4.0 0.16517865292761313 4.0 0.0 27
0.263224143277892 1.0 4.0 1.0 28
3.7269397282208736 1.0 0.0 1.0 29
0.0 0.9733550018682923 0.0 1.0 30
4.0 0.9039518483454786 4.0 1.0 31
4.0 1.0020673624984993 4.0 1.0 32
4.117170864891871 1.0 4.0 1.0 33
0.0 0.958594564989466 0.0 1.0 34
0.0 1.1236651185580717 0.0 1.0 35
4.0 1.3963259274834636 4.0 1.0 36
4.0 0.661450266255148 4.0 1.0 37
4.271822547084839 1.0 4.0 1.0 38
0.0 0.49818570209066254 0.0 1.0 39
4.0 1.5905950358434728 4.0 1.0 40
0.0 0.25831857900955396 0.0 1.0 41
4.0 0.15929643986907924 4.0 1.0 42
4.0 1.7564827405531462 4.0 1.0 43
4.733792327893075 1.0 4.0 1.0 44
0.0 1.8698510580025482 0.0 1.0 45
0.0 0.0 0.0 1.0 46
4.0 2.0 4.0 1.0 47
*** t = 27
2.970275867683288 1.0 0.0 1.0 3
0.8140818239433927 1.0 4.0 1.0 5
3.033716721142718 1.0 0.0 1.0 6
1.289005604206902 1.0 4.0 1.0 7
1.8542084755764157 1.0 4.0 1.0 8
2.1886768068044167 1.0 0.0 1.0 9
2.2706596867695996 1.0 0.0 1.0 10
2.162417285805041 1.0 0.0 1.0 11
1.7543024977834207 1.0 4.0 1.0 12
4.939502564728238 1.0 5.0 1.0 13
3.4726005519048897 1.0 0.0 1.0 15
0.0 0.28992868523802173 0.0 0.0 17
3.054620849110803 1.0 0.0 1.0 18
0.0 1.6701781836331702 0.0 2.0 19
3.6336209569466096 1.0 0.0 1.0 20
3.4544088357024827 1.0 0.0 1.0 21
0.0 1.4997815504948226 0.0 2.0 23
3.8028556619179206 1.0 0.0 1.0 24
1.0037610328360782 1.0 4.0 1.0 25
3.6459274884853397 1.0 0.0 1.0 26
0.394836214916838 1.0 4.0 1.0 28
3.5904095923313104 1.0 0.0 1.0 29
0.0 1.0 0.0 2.0 30
4.0 1.0 4.0 2.0 31
4.0 1.0 4.0 0.0 32
4.006817223003354 1.0 4.0 1.0 33
0.0 1.0 4.0 1.0 34
0.0 1.0 4.0 1.0 35
4.0 1.2957135820640409 4.0 1.0 36
4.0 0.7937403195061776 4.0 1.0 37
4.126187056501807 1.0 4.0 1.0 38
0.0 0.6227321276133282 0.0 1.0 39
4.0 1.488243794804341 4.0 1.0 40
0.0 0.38747786851433097 0.0 1.0 41
4.0 0.23894465980361881 4.0 1.0 42
4.0 1.6347241108297197 4.0 1.0 43
4.6006884918396125 1.0 4.0 1.0 44
0.0 1.739702116005096 0.0 1.0 45
0.0 0.13190405002004105 0.0 1.0 46
4.0 1.8866315709756185 4.0 1.0 47
4.0 0.0 4.0 1.0 48
5.0 1.0 4.0 1.0 49
*** t = 28
2.884465523323562 1.0 0.0 1.0 3
0.8954900063377318 1.0 4.0 1.0 5
2.945872786701147 1.0 0.0 1.0 6
1.3964227378908105 1.0 4.0 1.0 7
1.9968398967746015 1.0 4.0 1.0 8
2.0493442534816793 1.0 0.0 1.0 9
2.1376335088288 1.0 0.0 1.0 10
2.0210647693285058 1.0 0.0 1.0 11
1.9004943725987058 1.0 4.0 1.0 12
3.3847006438890377 1.0 0.0 1.0 15
0.0 0.18848992598631056 0.0 0.0 17
2.936448455249654 1.0 0.0 1.0 18
0.0 1.781874547572032 0.0 2.0 19
3.5420261961832624 1.0 0.0 1.0 20
3.3452906028429794 1.0 0.0 1.0 21
0.0 1.6247269381185285 0.0 2.0 23
3.7042834928768804 1.0 0.0 1.0 24
1.1710545383087578 1.0 4.0 1.0 25
3.5279033179804524 1.0 0.0 1.0 26
0.526448286555784 1.0 4.0 1.0 28
3.4538794564417468 1.0 0.0 1.0 29
0.0 1.1216693752335365 0.0 2.0 30
4.0 1.1129939810431848 4.0 2.0 31
4.0 0.8752584203123124 4.0 0.0 32
4.0 1.0 4.0 0.0 33
0.15976576083157765 1.0 4.0 1.0 34
0.14605581357365474 1.0 4.0 1.0 35
4.0 1.195101236644618 4.0 1.0 36
4.0 0.9260303727572072 4.0 1.0 37
4.0 1.0 0.0 1.0 38
0.0 0.7472785531359938 0.0 1.0 39
4.0 1.3858925537652091 4.0 1.0 40
0.0 0.5166371580191079 0.0 1.0 41
4.0 0.3185928797381585 4.0 1.0 42
4.0 1.512965481106293 4.0 1.0 43
4.467584655786149 1.0 4.0 1.0 44
0.0 1.6095531740076439 0.0 1.0 45
0.0 0.2638081000400821 0.0 1.0 46
4.0 1.7732631419512368 4.0 1.0 47
4.0 0.1446539009780011 4.0 1.0 48
4.851232327700317 1.0 4.0 1.0 49
0.0 0.0 0.0 1.0 50
4.0 2.0 4.0 1.0 51
*** t = 29
2.7986551789638354 1.0 0.0 1.0 3
0.976898188732071 1.0 4.0 1.0 5
2.858028852259576 1.0 0.0 1.0 6
1.503839871574719 1.0 4.0 1.0 7
2.139471317972787 1.0 4.0 1.0 8
1.9100117001589423 1.0 0.0 1.0 9
2.004607330888 1.0 0.0 1.0 10
1.8797122528519705 1.0 0.0 1.0 11
2.046686247413991 1.0 4.0 1.0 12
3.2968007358731857 1.0 0.0 1.0 15
0.0 0.08705116673459941 0.0 0.0 17
2.818276061388504 1.0 0.0 1.0 18
0.0 1.8935709115108939 0.0 2.0 19
3.450431435419915 1.0 0.0 1.0 20
3.236172369983476 1.0 0.0 1.0 21
0.0 1.7496723257422344 0.0 2.0 23
3.6057113238358403 1.0 0.0 1.0 24
1.3383480437814377 1.0 4.0 1.0 25
3.409879147475566 1.0 0.0 1.0 26
0.65806035819473 1.0 4.0 1.0 28
3.317349320552184 1.0 0.0 1.0 29
0.0 1.243338750467073 0.0 2.0 30
4.0 1.2259879620863696 4.0 2.0 31
4.0 0.7505168406246249 4.0 0.0 32
4.0 0.8896463581114838 4.0 0.0 33
0.3195315216631553 1.0 4.0 1.0 34
0.2921116271473095 1.0 4.0 1.0 35
4.0 1.0944888912251953 4.0 1.0 36
4.0 1.0 0.0 1.0 37
3.8543645094169676 1.0 0.0 1.0 38
0.0 0.8718249786586594 0.0 1.0 39
4.0 1.2835413127260773 4.0 1.0 40
0.0 0.6457964475238849 0.0 1.0 41
4.0 0.3982410996726981 4.0 1.0 42
4.0 1.391206851382866 4.0 1.0 43
4.334480819732687 1.0 4.0 1.0 44
0.0 1.479404232010192 0.0 1.0 45
0.0 0.39571215006012317 0.0 1.0 46
4.0 1.6598947129268553 4.0 1.0 47
4.0 0.2893078019560022 4.0 1.0 48
4.702464655400633 1.0 4.0 1.0 49
0.0 0.09387076193653413 0.0 1.0 50
4.0 1.9278800822114726 4.0 1.0 51
*** t = 30
2.71284483460411 1.0 0.0 1.0 3
1.0583063711264102 1.0 4.0 1.0 5
2.7701849178180042 1.0 0.0 1.0 6
1.6112570052586275 1.0 4.0 1.0 7
2.282102739170973 1.0 4.0 1.0 8
1.7706791468362053 1.0 0.0 1.0 9
1.8715811529471997 1.0 0.0 1.0 10
1.7383597363754353 1.0 0.0 1.0 11
2.192878122229276 1.0 4.0 1.0 12
3.208900827857334 1.0 0.0 1.0 15
2.700103667527354 1.0 0.0 1.0 18
3.358836674656567 1.0 0.0 1.0 20
3.127054137123973 1.0 0.0 1.0 21
0.0 1.8746177133659399 0.0 2.0 23
3.5071391547948 1.0 0.0 1.0 24
1.505641549254117 1.0 4.0 1.0 25
3.2918549769706793 1.0 0.0 1.0 26
0.789672429833676 1.0 4.0 1.0 28
3.180819184662621 1.0 0.0 1.0 29
0.0 1.3650081257006095 0.0 2.0 30
4.0 1.3389819431295544 4.0 2.0 31
4.0 0.6257752609369372 4.0 0.0 32
4.0 0.7792927162229677 4.0 0.0 33
0.4792972824947329 1.0 4.0 1.0 34
0.43816744072096425 1.0 4.0 1.0 35
4.0 1.0 0.0 1.0 36
3.8677099467489704 1.0 0.0 1.0 37
3.7087290188339357 1.0 0.0 1.0 38
0.0 0.9963714041813251 0.0 1.0 39
4.0 1.1811900716869455 4.0 1.0 40
0.0 0.7749557370286618 0.0 1.0 41
4.0 0.47788931960723774 4.0 1.0 42
4.0 1.2694482216594394 4.0 1.0 43
4.201376983679224 1.0 4.0 1.0 44
0.0 1.3492552900127401 0.0 1.0 45
0.0 0.5276162000801642 0.0 1.0 46
4.0 1.5465262839024734 4.0 1.0 47
4.0 0.43396170293400327 4.0 1.0 48
4.55369698310095 1.0 4.0 1.0 49
0.0 0.18774152387306825 0.0 1.0 50
4.0 1.8557601644229451 4.0 1.0 51
0.0 0.0 0.0 1.0 52
0.0 2.0 0.0 1.0 53
4.0 0.0 4.0 1.0 54
4.0 2.0 4.0 1.0 55
5.0 1.0 4.0 1.0 56
*** t = 31
2.6270344902443834 1.0 0.0 1.0 3
1.1397145535207496 1.0 4.0 1.0 5
2.682340983376433 1.0 0.0 1.0 6
1.718674138942536 1.0 4.0 1.0 7
2.424734160369159 1.0 4.0 1.0 8
1.6313465935134683 1.0 0.0 1.0 9
1.7385549750063998 1.0 0.0 1.0 10
1.5970072198989 1.0 0.0 1.0 11
2.339069997044561 1.0 4.0 1.0 12
3.121000919841482 1.0 0.0 1.0 15
2.5819312736662043 1.0 0.0 1.0 18
3.2672419138932196 1.0 0.0 1.0 20
3.0179359042644696 1.0 0.0 1.0 21
0.0 1.9995631009896453 0.0 2.0 23
3.408566985753761 1.0 0.0 1.0 24
1.6729350547267967 1.0 4.0 1.0 25
3.173830806465793 1.0 0.0 1.0 26
0.9212845014726219 1.0 4.0 1.0 28
3.0442890487730576 1.0 0.0 1.0 29
0.0 1.4866775009341462 0.0 2.0 30
4.0 1.4519759241727395 4.0 2.0 31
4.0 0.5010336812492497 4.0 0.0 32
4.0 0.6689390743344515 4.0 0.0 33
0.6390630433263106 1.0 4.0 1.0 34
0.584223254294619 1.0 4.0 1.0 35
3.8993876545805772 1.0 0.0 1.0 36
3.7354198934979412 1.0 0.0 1.0 37
3.5630935282509033 1.0 0.0 1.0 38
0.0 1.0 4.0 1.0 39
4.0 1.0788388306478136 4.0 1.0 40
0.0 0.9041150265334388 0.0 1.0 41
4.0 0.5575375395417773 4.0 1.0 42
4.0 1.1476895919360124 4.0 1.0 43
4.068273147625762 1.0 4.0 1.0 44
0.0 1.219106348015288 0.0 1.0 45
0.0 0.6595202501002052 0.0 1.0 46
4.0 1.4331578548780919 4.0 1.0 47
4.0 0.5786156039120044 4.0 1.0 48
4.4049293108012675 1.0 4.0 1.0 49
0.0 0.2816122858096024 0.0 1.0 50
4.0 1.7836402466344177 4.0 1.0 51
0.0 0.1454369774210555 0.0 1.0 52
0.0 1.8955839046754448 0.0 1.0 53
4.0 0.1347568123801685 4.0 1.0 54
4.0 1.9290588260530546 4.0 1.0 55
4.870614729462404 1.0 4.0 1.0 56
*** t = 32
2.541224145884658 1.0 0.0 1.0 3
1.221122735915089 1.0 4.0 1.0 5
2.5944970489348624 1.0 0.0 1.0 6
1.8260912726264444 1.0 4.0 1.0 7
2.5673655815673446 1.0 4.0 1.0 8
1.4920140401907311 1.0 0.0 1.0 9
1.6055287970655998 1.0 0.0 1.0 10
1.455654703422365 1.0 0.0 1.0 11
2.485261871859846 1.0 4.0 1.0 12
3.03310101182563 1.0 0.0 1.0 15
2.463758879805055 1.0 0.0 1.0 18
3.1756471531298724 1.0 0.0 1.0 20
2.9088176714049654 1.0 0.0 1.0 21
3.3099948167127207 1.0 0.0 1.0 24
1.8402285601994763 1.0 4.0 1.0 25
3.0558066359609057 1.0 0.0 1.0 26
1.0528965731115678 1.0 4.0 1.0 28
2.907758912883494 1.0 0.0 1.0 29
0.0 1.6083468761676827 0.0 2.0 30
4.0 1.564969905215924 4.0 2.0 31
4.0 0.3762921015615621 4.0 0.0 32
4.0 0.5585854324459353 4.0 0.0 33
0.7988288041578884 1.0 4.0 1.0 34
0.7302790678682737 1.0 4.0 1.0 35
3.7987753091611545 1.0 0.0 1.0 36
3.603129840246911 1.0 0.0 1.0 37
3.417458037667871 1.0 0.0 1.0 38
0.12454642552266564 1.0 4.0 1.0 39
4.0 1.0 0.0 1.0 40
0.0 1.0 4.0 1.0 41
4.0 0.637185759476317 4.0 1.0 42
4.0 1.0259309622125858 4.0 1.0 43
4.0 1.0 4.0 0.0 44
0.0 1.0889574060178362 0.0 1.0 45
0.0 0.7914243001202462 0.0 1.0 46
4.0 1.3197894258537104 4.0 1.0 47
4.0 0.7232695048900055 4.0 1.0 48
4.256161638501584 1.0 4.0 1.0 49
0.0 0.3754830477461365 0.0 1.0 50
4.0 1.71152032884589 4.0 1.0 51
0.0 0.290873954842111 0.0 1.0 52
0.0 1.7911678093508894 0.0 1.0 53
4.0 0.269513624760337 4.0 1.0 54
4.0 1.8581176521061094 4.0 1.0 55
4.741229458924809 1.0 4.0 1.0 56
0.0 0.0 0.0 1.0 57
4.0 2.0 4.0 1.0 58
*** t = 33
2.455413801524932 1.0 0.0 1.0 3
1.3025309183094282 1.0 4.0 1.0 5
2.5066531144932913 1.0 0.0 1.0 6
1.933508406310353 1.0 4.0 1.0 7
2.7099970027655305 1.0 4.0 1.0 8
1.3526814868679946 1.0 0.0 1.0 9
1.4725026191247996 1.0 0.0 1.0 10
1.3143021869458296 1.0 0.0 1.0 11
2.631453746675131 1.0 4.0 1.0 12
2.945201103809779 1.0 0.0 1.0 15
2.345586485943905 1.0 0.0 1.0 18
3.084052392366525 1.0 0.0 1.0 20
2.799699438545462 1.0 0.0 1.0 21
3.2114226476716805 1.0 0.0 1.0 24
2.007522065672156 1.0 4.0 1.0 25
2.9377824654560185 1.0 0.0 1.0 26
1.1845086447505138 1.0 4.0 1.0 28
2.7712287769939308 1.0 0.0 1.0 29
0.0 1.7300162514012192 0.0 2.0 30
4.0 1.6779638862591089 4.0 2.0 31
4.0 0.25155052187387456 4.0 0.0 32
4.0 0.44823179055741913 4.0 0.0 33
0.958594564989466 1.0 4.0 1.0 34
0.8763348814419284 1.0 4.0 1.0 35
3.6981629637417317 1.0 0.0 1.0 36
3.4708397869958816 1.0 0.0 1.0 37
3.2718225470848394 1.0 0.0 1.0 38
0.24909285104533127 1.0 4.0 1.0 39
3.897648758960868 1.0 0.0 1.0 40
0.12915928950477698 1.0 4.0 1.0 41
4.0 0.7168339794108566 4.0 1.0 42
4.0 1.0 4.0 0.0 43
4.0 0.8668961639465373 4.0 0.0 44
0.0 1.0 4.0 1.0 45
0.0 0.9233283501402874 0.0 1.0 46
4.0 1.206420996829329 4.0 1.0 47
4.0 0.8679234058680066 4.0 1.0 48
4.107393966201901 1.0 4.0 1.0 49
0.0 0.4693538096826706 0.0 1.0 50
4.0 1.6394004110573628 4.0 1.0 51
0.0 0.43631093226316653 0.0 1.0 52
0.0 1.6867517140263342 0.0 1.0 53
4.0 0.40427043714050553 4.0 1.0 54
4.0 1.787176478159164 4.0 1.0 55
4.611844188387213 1.0 4.0 1.0 56
0.0 0.12029598738794539 0.0 1.0 57
4.0 1.8599581100209985 4.0 1.0 58
4.0 0.0 4.0 1.0 59
5.0 1.0 4.0 1.0 60
*** t = 34
2.3696034571652054 1.0 0.0 1.0 3
1.3839391007037676 1.0 4.0 1.0 5
2.41880918005172 1.0 0.0 1.0 6
2.0409255399942614 1.0 4.0 1.0 7
2.8526284239637163 1.0 4.0 1.0 8
1.2133489335452572 1.0 0.0 1.0 9
1.3394764411839999 1.0 0.0 1.0 10
1.1729496704692945 1.0 0.0 1.0 11
2.777645621490416 1.0 4.0 1.0 12
2.857301195793927 1.0 0.0 1.0 15
2.2274140920827556 1.0 0.0 1.0 18
2.9924576316031777 1.0 0.0 1.0 20
2.690581205685959 1.0 0.0 1.0 21
3.1128504786306403 1.0 0.0 1.0 24
2.1748155711448356 1.0 4.0 1.0 25
2.819758294951132 1.0 0.0 1.0 26
1.3161207163894597 1.0 4.0 1.0 28
2.634698641104368 1.0 0.0 1.0 29
0.0 1.8516856266347557 0.0 2.0 30
4.0 1.7909578673022937 4.0 2.0 31
4.0 0.1268089421861869 4.0 0.0 32
4.0 0.33787814866890303 4.0 0.0 33
1.1183603258210435 1.0 4.0 1.0 34
1.0223906950155832 1.0 4.0 1.0 35
3.5975506183223094 1.0 0.0 1.0 36
3.338549733744852 1.0 0.0 1.0 37
3.126187056501807 1.0 0.0 1.0 38
0.3736392765679969 1.0 4.0 1.0 39
3.7952975179217363 1.0 0.0 1.0 40
0.25831857900955396 1.0 4.0 1.0 41
4.0 0.7964821993453962 4.0 1.0 42
4.0 0.8782413702765731 4.0 0.0 43
4.0 0.7337923278930748 4.0 0.0 44
0.130148941997452 1.0 4.0 1.0 45
0.0 1.0 4.0 1.0 46
4.0 1.0930525678049472 4.0 1.0 47
4.0 1.0 4.0 2.0 48
4.0 1.0 0.0 1.0 49
0.0 0.5632245716192047 0.0 1.0 50
4.0 1.5672804932688353 4.0 1.0 51
0.0 0.581747909684222 0.0 1.0 52
0.0 1.5823356187017792 0.0 1.0 53
4.0 0.539027249520674 4.0 1.0 54
4.0 1.7162353042122185 4.0 1.0 55
4.482458917849618 1.0 4.0 1.0 56
0.0 0.24059197477589078 0.0 1.0 57
4.0 1.7199162200419975 4.0 1.0 58
4.0 0.1405544981888885 4.0 1.0 59
4.908436627234925 1.0 4.0 1.0 60
0.0 0.0 0.0 1.0 61
4.0 2.0 4.0 1.0 62
*** t = 35
2.28379311280548 1.0 0.0 1.0 3
1.4653472830981071 1.0 4.0 1.0 5
2.330965245610149 1.0 0.0 1.0 6
2.14834267367817 1.0 4.0 1.0 7
2.995259845161902 1.0 4.0 1.0 8
1.0740163802225202 1.0 0.0 1.0 9
1.2064502632432 1.0 0.0 1.0 10
1.031597153992759 1.0 0.0 1.0 11
2.9238374963057017 1.0 4.0 1.0 12
2.769401287778075 1.0 0.0 1.0 15
2.109241698221606 1.0 0.0 1.0 18
2.90086287083983 1.0 0.0 1.0 20
2.581462972826455 1.0 0.0 1.0 21
3.0142783095896006 1.0 0.0 1.0 24
2.342109076617515 1.0 4.0 1.0 25
2.7017341244462454 1.0 0.0 1.0 26
1.4477327880284057 1.0 4.0 1.0 28
2.498168505214805 1.0 0.0 1.0 29
0.0 1.9733550018682922 0.0 2.0 30
4.0 1.9039518483454787 4.0 2.0 31
4.0 0.0020673624984992502 4.0 0.0 32
4.0 0.22752450678038685 4.0 0.0 33
1.2781260866526212 1.0 4.0 1.0 34
1.168446508589238 1.0 4.0 1.0 35
3.4969382729028866 1.0 0.0 1.0 36
3.206259680493822 1.0 0.0 1.0 37
2.9805515659187747 1.0 0.0 1.0 38
0.49818570209066254 1.0 4.0 1.0 39
3.6929462768826045 1.0 0.0 1.0 40
0.38747786851433097 1.0 4.0 1.0 41
4.0 0.8761304192799357 4.0 1.0 42
4.0 0.7564827405531465 4.0 0.0 43
4.0 0.6006884918396121 4.0 0.0 44
0.260297883994904 1.0 4.0 1.0 45
0.13190405002004105 1.0 4.0 1.0 46
4.0 1.0 0.0 1.0 47
4.0 1.144653900978001 4.0 2.0 48
3.8512323277003166 1.0 0.0 1.0 49
0.0 0.6570953335557388 0.0 1.0 50
4.0 1.4951605754803077 4.0 1.0 51
0.0 0.7271848871052775 0.0 1.0 52
0.0 1.4779195233772235 0.0 1.0 53
4.0 0.6737840619008426 4.0 1.0 54
4.0 1.6452941302652733 4.0 1.0 55
4.353073647312023 1.0 4.0 1.0 56
0.0 0.36088796216383623 0.0 1.0 57
4.0 1.579874330062996 4.0 1.0 58
4.0 0.281108996377777 4.0 1.0 59
4.816873254469852 1.0 4.0 1.0 60
0.0 0.1169276945825334 0.0 1.0 61
4.0 1.9461152796614891 4.0 1.0 62
0.0 2.0 0.0 1.0 63
*** t = 36
2.1979827684457534 1.0 0.0 1.0 3
1.5467554654924462 1.0 4.0 1.0 5
2.243121311168578 1.0 0.0 1.0 6
2.255759807362079 1.0 4.0 1.0 7
3.137891266360088 1.0 4.0 1.0 8
0.9346838268997835 1.0 0.0 1.0 9
1.0734240853024 1.0 0.0 1.0 10
0.8902446375162236 1.0 0.0 1.0 11
3.0700293711209863 1.0 4.0 1.0 12
2.681501379762224 1.0 0.0 1.0 15
1.9910693043604564 1.0 0.0 1.0 18
2.809268110076482 1.0 0.0 1.0 20
2.472344739966952 1.0 0.0 1.0 21
2.915706140548561 1.0 0.0 1.0 24
2.509402582090195 1.0 4.0 1.0 25
2.583709953941359 1.0 0.0 1.0 26
1.5793448596673516 1.0 4.0 1.0 28
2.361638369325241 1.0 0.0 1.0 29
4.0 0.11717086489187067 4.0 0.0 33
1.4378918474841986 1.0 4.0 1.0 34
1.3145023221628926 1.0 4.0 1.0 35
3.396325927483464 1.0 0.0 1.0 36
3.0739696272427928 1.0 0.0 1.0 37
2.8349160753357427 1.0 0.0 1.0 38
0.6227321276133282 1.0 4.0 1.0 39
3.5905950358434726 1.0 0.0 1.0 40
0.5166371580191079 1.0 4.0 1.0 41
4.0 0.9557786392144755 4.0 1.0 42
4.0 0.6347241108297197 4.0 0.0 43
4.0 0.46758465578614955 4.0 0.0 44
0.390446825992356 1.0 4.0 1.0 45
0.2638081000400821 1.0 4.0 1.0 46
3.8866315709756183 1.0 0.0 1.0 47
4.0 1.2893078019560023 4.0 2.0 48
3.7024646554006337 1.0 0.0 1.0 49
0.0 0.750966095492273 0.0 1.0 50
4.0 1.4230406576917805 4.0 1.0 51
0.0 0.8726218645263331 0.0 1.0 52
0.0 1.3735034280526686 0.0 1.0 53
4.0 0.8085408742810113 4.0 1.0 54
4.0 1.574352956318328 4.0 1.0 55
4.223688376774428 1.0 4.0 1.0 56
0.0 0.48118394955178156 0.0 1.0 57
4.0 1.4398324400839946 4.0 1.0 58
4.0 0.42166349456666546 4.0 1.0 59
4.725309881704777 1.0 4.0 1.0 60
0.0 0.2338553891650668 0.0 1.0 61
4.0 1.8922305593229785 4.0 1.0 62
0.0 1.8661304156793599 0.0 1.0 63
0.0 0.0 0.0 1.0 64
4.0 0.0 4.0 1.0 65
4.0 2.0 4.0 1.0 66
5.0 1.0 4.0 1.0 67
*** t = 37
2.1121724240860273 1.0 0.0 1.0 3
1.6281636478867856 1.0 4.0 1.0 5
2.155277376727007 1.0 0.0 1.0 6
2.3631769410459875 1.0 4.0 1.0 7
3.2805226875582734 1.0 4.0 1.0 8
0.7953512735770465 1.0 0.0 1.0 9
0.9403979073616 1.0 0.0 1.0 10
0.7488921210396887 1.0 0.0 1.0 11
3.2162212459362713 1.0 4.0 1.0 12
2.593601471746372 1.0 0.0 1.0 15
1.872896910499307 1.0 0.0 1.0 18
2.717673349313135 1.0 0.0 1.0 20
2.363226507107448 1.0 0.0 1.0 21
2.8171339715075208 1.0 0.0 1.0 24
2.6766960875628745 1.0 4.0 1.0 25
2.465685783436472 1.0 0.0 1.0 26
1.7109569313062978 1.0 4.0 1.0 28
2.225108233435678 1.0 0.0 1.0 29
4.0 0.006817223003354514 4.0 0.0 33
1.5976576083157767 1.0 4.0 1.0 34
1.4605581357365474 1.0 4.0 1.0 35
3.2957135820640406 1.0 0.0 1.0 36
2.941679573991763 1.0 0.0 1.0 37
2.6892805847527104 1.0 0.0 1.0 38
0.7472785531359938 1.0 4.0 1.0 39
3.488243794804341 1.0 0.0 1.0 40
0.6457964475238849 1.0 4.0 1.0 41
4.0 1.0 0.0 1.0 42
4.0 0.5129654811062929 4.0 0.0 43
4.0 0.33448081973268684 4.0 0.0 44
0.520595767989808 1.0 4.0 1.0 45
0.39571215006012317 1.0 4.0 1.0 46
3.773263141951237 1.0 0.0 1.0 47
4.0 1.4339617029340033 4.0 2.0 48
3.5536969831009504 1.0 0.0 1.0 49
0.0 0.844836857428807 0.0 1.0 50
4.0 1.3509207399032528 4.0 1.0 51
0.0 1.0 4.0 1.0 52
0.0 1.2690873327281134 0.0 1.0 53
4.0 0.9432976866611797 4.0 1.0 54
4.0 1.5034117823713828 4.0 1.0 55
4.094303106236833 1.0 4.0 1.0 56
0.0 0.601479936939727 0.0 1.0 57
4.0 1.2997905501049933 4.0 1.0 58
4.0 0.562217992755554 4.0 1.0 59
4.633746508939703 1.0 4.0 1.0 60
0.0 0.3507830837476002 0.0 1.0 61
4.0 1.8383458389844676 4.0 1.0 62
0.0 1.7322608313587198 0.0 1.0 63
0.0 0.11466243594935291 0.0 1.0 64
4.0 0.1455204634230375 4.0 1.0 65
4.0 1.8543868408698285 4.0 1.0 66
4.8866205267270395 1.0 4.0 1.0 67
*** t = 38
2.026362079726302 1.0 0.0 1.0 3
1.709571830281125 1.0 4.0 1.0 5
2.0674334422854357 1.0 0.0 1.0 6
2.4705940747298962 1.0 4.0 1.0 7
3.4231541087564596 1.0 4.0 1.0 8
0.6560187202543096 1.0 0.0 1.0 9
0.8073717294208 1.0 0.0 1.0 10
0.6075396045631533 1.0 0.0 1.0 11
3.3624131207515564 1.0 4.0 1.0 12
2.5057015637305198 1.0 0.0 1.0 15
1.7547245166381575 1.0 0.0 1.0 18
2.626078588549787 1.0 0.0 1.0 20
2.254108274247945 1.0 0.0 1.0 21
2.7185618024664815 1.0 0.0 1.0 24
2.8439895930355537 1.0 4.0 1.0 25
2.347661612931585 1.0 0.0 1.0 26
1.8425690029452435 1.0 4.0 1.0 28
2.0885780975461152 1.0 0.0 1.0 29
1.7574233691473544 1.0 4.0 1.0 34
1.606613949310202 1.0 4.0 1.0 35
3.1951012366446183 1.0 0.0 1.0 36
2.8093895207407336 1.0 0.0 1.0 37
2.543645094169678 1.0 0.0 1.0 38
0.8718249786586594 1.0 4.0 1.0 39
3.385892553765209 1.0 0.0 1.0 40
0.7749557370286618 1.0 4.0 1.0 41
3.920351780065461 1.0 0.0 1.0 42
4.0 0.39120685138286604 4.0 0.0 43
4.0 0.20137698367922424 4.0 0.0 44
0.65074470998726 1.0 4.0 1.0 45
0.5276162000801642 1.0 4.0 1.0 46
3.659894712926855 1.0 0.0 1.0 47
4.0 1.5786156039120045 4.0 2.0 48
3.404929310801267 1.0 0.0 1.0 49
0.0 0.9387076193653411 0.0 1.0 50
4.0 1.2788008221147253 4.0 1.0 51
0.1454369774210555 1.0 4.0 1.0 52
0.0 1.1646712374035582 0.0 1.0 53
4.0 1.0 5.0 1.0 54
4.0 1.4324706084244374 4.0 1.0 55
4.0 1.0 0.0 1.0 56
0.0 0.7217759243276725 0.0 1.0 57
4.0 1.1597486601259919 4.0 1.0 58
4.0 0.7027724909444424 4.0 1.0 59
4.5421831361746285 1.0 4.0 1.0 60
0.0 0.4677107783301336 0.0 1.0 61
4.0 1.7844611186459567 4.0 1.0 62
0.0 1.59839124703808 0.0 1.0 63
0.0 0.22932487189870582 0.0 1.0 64
4.0 0.291040926846075 4.0 1.0 65
4.0 1.7087736817396568 4.0 1.0 66
4.77324105345408 1.0 4.0 1.0 67
0.0 0.0 0.0 1.0 68
4.0 2.0 4.0 1.0 69
*** t = 39
1.940551735366575 1.0 0.0 1.0 3
1.7909800126754645 1.0 4.0 1.0 5
1.9795895078438646 1.0 0.0 1.0 6
2.578011208413805 1.0 4.0 1.0 7
3.565785529954645 1.0 4.0 1.0 8
0.5166861669315728 1.0 0.0 1.0 9
0.6743455514800002 1.0 0.0 1.0 10
0.46618708808661835 1.0 0.0 1.0 11
3.5086049955668415 1.0 4.0 1.0 12
2.4178016557146678 1.0 0.0 1.0 15
1.636552122777008 1.0 0.0 1.0 18
2.5344838277864397 1.0 0.0 1.0 20
2.144990041388441 1.0 0.0 1.0 21
2.6199896334254413 1.0 0.0 1.0 24
3.0112830985082337 1.0 4.0 1.0 25
2.2296374424266983 1.0 0.0 1.0 26
1.9741810745841895 1.0 4.0 1.0 28
1.9520479616565516 1.0 0.0 1.0 29
1.917189129978932 1.0 4.0 1.0 34
1.7526697628838568 1.0 4.0 1.0 35
3.094488891225195 1.0 0.0 1.0 36
2.6770994674897044 1.0 0.0 1.0 37
2.398009603586646 1.0 0.0 1.0 38
0.9963714041813251 1.0 4.0 1.0 39
3.2835413127260775 1.0 0.0 1.0 40
0.9041150265334388 1.0 4.0 1.0 41
3.8407035601309207 1.0 0.0 1.0 42
4.0 0.2694482216594393 4.0 0.0 43
4.0 0.0682731476257615 4.0 0.0 44
0.780893651984712 1.0 4.0 1.0 45
0.6595202501002052 1.0 4.0 1.0 46
3.5465262839024736 1.0 0.0 1.0 47
4.0 1.7232695048900055 4.0 2.0 48
3.2561616385015837 1.0 0.0 1.0 49
0.0 1.0 4.0 1.0 50
4.0 1.2066809043261981 4.0 1.0 51
0.290873954842111 1.0 4.0 1.0 52
0.0 1.060255142079003 0.0 1.0 53
4.134756812380169 1.0 5.0 1.0 54
4.0 1.3615294344774922 4.0 1.0 55
3.8706147294624045 1.0 0.0 1.0 56
0.0 0.8420719117156179 0.0 1.0 57
4.0 1.0197067701469904 4.0 1.0 58
4.0 0.8433269891333307 4.0 1.0 59
4.450619763409554 1.0 4.0 1.0 60
0.0 0.584638472912667 0.0 1.0 61
4.0 1.7305763983074458 4.0 1.0 62
0.0 1.46452166271744 0.0 1.0 63
0.0 0.34398730784805875 0.0 1.0 64
4.0 0.43656139026911256 4.0 1.0 65
4.0 1.5631605226094853 4.0 1.0 66
4.659861580181119 1.0 4.0 1.0 67
0.0 0.10858542674765831 0.0 1.0 68
4.0 1.9390908521824843 4.0 1.0 69
4.0 0.0 4.0 1.0 70
5.0 1.0 4.0 1.0 71
*** t = 40
1.8547413910068493 1.0 0.0 1.0 3
1.8723881950698036 1.0 4.0 1.0 5
1.8917455734022934 1.0 0.0 1.0 6
2.6854283420977136 1.0 4.0 1.0 7
3.7084169511528313 1.0 4.0 1.0 8
0.3773536136088353 1.0 0.0 1.0 9
0.5413193735392002 1.0 0.0 1.0 10
0.3248345716100829 1.0 0.0 1.0 11
3.6547968703821265 1.0 4.0 1.0 12
2.329901747698816 1.0 0.0 1.0 15
1.5183797289158587 1.0 0.0 1.0 18
2.442889067023092 1.0 0.0 1.0 20
2.035871808528938 1.0 0.0 1.0 21
2.521417464384401 1.0 0.0 1.0 24
3.1785766039809134 1.0 4.0 1.0 25
2.1116132719218115 1.0 0.0 1.0 26
2.1057931462231356 1.0 4.0 1.0 28
1.8155178257669882 1.0 0.0 1.0 29
2.0769548908105095 1.0 4.0 1.0 34
1.8987255764575115 1.0 4.0 1.0 35
2.9938765458057723 1.0 0.0 1.0 36
2.5448094142386743 1.0 0.0 1.0 37
2.252374113003614 1.0 0.0 1.0 38
1.1209178297039906 1.0 4.0 1.0 39
3.1811900716869457 1.0 0.0 1.0 40
1.0332743160382158 1.0 4.0 1.0 41
3.761055340196381 1.0 0.0 1.0 42
4.0 0.14768959193601247 4.0 0.0 43
0.9110425939821638 1.0 4.0 1.0 45
0.7914243001202462 1.0 4.0 1.0 46
3.433157854878092 1.0 0.0 1.0 47
4.0 1.8679234058680065 4.0 2.0 48
3.107393966201901 1.0 0.0 1.0 49
0.09387076193653413 1.0 4.0 1.0 50
4.0 1.1345609865376707 4.0 1.0 51
0.43631093226316653 1.0 4.0 1.0 52
0.0 1.0 4.0 1.0 53
4.269513624760337 1.0 5.0 1.0 54
4.0 1.2905882605305468 4.0 1.0 55
3.741229458924809 1.0 0.0 1.0 56
0.0 0.9623678991035634 0.0 1.0 57
4.0 1.0 0.0 1.0 58
4.0 0.9838814873222193 4.0 1.0 59
4.35905639064448 1.0 4.0 1.0 60
0.0 0.7015661674952004 0.0 1.0 61
4.0 1.6766916779689354 4.0 1.0 62
0.0 1.3306520783967999 0.0 1.0 63
0.0 0.45864974379741164 0.0 1.0 64
4.0 0.58208185369215 4.0 1.0 65
4.0 1.4175473634793139 4.0 1.0 66
4.546482106908159 1.0 4.0 1.0 67
0.0 0.21717085349531662 0.0 1.0 68
4.0 1.8781817043649687 4.0 1.0 69
4.0 0.12977954180619541 4.0 1.0 70
4.905449641157008 1.0 4.0 1.0 71
0.0 0.0 0.0 1.0 72
0.0 2.0 0.0 1.0 73
4.0 2.0 4.0 1.0 74
*** t = 41
1.7689310466471233 1.0 0.0 1.0 3
1.953796377464143 1.0 4.0 1.0 5
1.8039016389607223 1.0 0.0 1.0 6
2.7928454757816223 1.0 4.0 1.0 7
3.8510483723510176 1.0 4.0 1.0 8
0.23802106028609843 1.0 0.0 1.0 9
0.4082931955984003 1.0 0.0 1.0 10
0.18348205513354743 1.0 0.0 1.0 11
3.8009887451974116 1.0 4.0 1.0 12
2.2420018396829646 1.0 0.0 1.0 15
1.4002073350547095 1.0 0.0 1.0 18
2.3512943062597444 1.0 0.0 1.0 20
1.9267535756694345 1.0 0.0 1.0 21
2.422845295343361 1.0 0.0 1.0 24
3.345870109453593 1.0 4.0 1.0 25
1.9935891014169247 1.0 0.0 1.0 26
2.2374052178620816 1.0 4.0 1.0 28
1.6789876898774252 1.0 0.0 1.0 29
2.236720651642087 1.0 4.0 1.0 34
2.0447813900311664 1.0 4.0 1.0 35
2.8932642003863496 1.0 0.0 1.0 36
2.4125193609876447 1.0 0.0 1.0 37
2.1067386224205817 1.0 0.0 1.0 38
1.2454642552266562 1.0 4.0 1.0 39
3.0788388306478134 1.0 0.0 1.0 40
1.162433605542993 1.0 4.0 1.0 41
3.6814071202618415 1.0 0.0 1.0 42
4.0 0.02593096221258577 4.0 0.0 43
1.041191535979616 1.0 4.0 1.0 45
0.9233283501402874 1.0 4.0 1.0 46
3.3197894258537106 1.0 0.0 1.0 47
2.9586262939022174 1.0 0.0 1.0 49
0.18774152387306825 1.0 4.0 1.0 50
4.0 1.062441068749143 4.0 1.0 51
0.581747909684222 1.0 4.0 1.0 52
0.10441609532455524 1.0 4.0 1.0 53
4.4042704371405055 1.0 5.0 1.0 54
4.0 1.2196470865836013 4.0 1.0 55
3.6118441883872134 1.0 0.0 1.0 56
0.0 1.0 0.0 2.0 57
3.8599581100209988 1.0 0.0 1.0 58
4.0 1.0 0.0 1.0 59
4.2674930178794055 1.0 4.0 1.0 60
0.0 0.8184938620777338 0.0 1.0 61
4.0 1.6228069576304245 4.0 1.0 62
0.0 1.19678249407616 0.0 1.0 63
0.0 0.5733121797467645 0.0 1.0 64
4.0 0.7276023171151875 4.0 1.0 65
4.0 1.2719342043491424 4.0 1.0 66
4.433102633635198 1.0 4.0 1.0 67
0.0 0.3257562802429749 0.0 1.0 68
4.0 1.817272556547453 4.0 1.0 69
4.0 0.25955908361239083 4.0 1.0 70
4.810899282314017 1.0 4.0 1.0 71
0.0 0.12924079944392738 0.0 1.0 72
0.0 1.857020836011469 0.0 1.0 73
4.0 1.8491328186176974 4.0 1.0 74
*** t = 42
1.6831207022873975 1.0 0.0 1.0 3
2.035204559858482 1.0 4.0 1.0 5
1.716057704519151 1.0 0.0 1.0 6
2.900262609465531 1.0 4.0 1.0 7
3.993679793549203 1.0 4.0 1.0 8
0.09868850696336154 1.0 0.0 1.0 9
0.27526701765760037 1.0 0.0 1.0 10
0.042129538657012515 1.0 0.0 1.0 11
3.9471806200126967 1.0 4.0 1.0 12
2.1541019316671126 1.0 0.0 1.0 15
1.2820349411935599 1.0 0.0 1.0 18
2.2596995454963964 1.0 0.0 1.0 20
1.8176353428099312 1.0 0.0 1.0 21
2.3242731263023213 1.0 0.0 1.0 24
3.5131636149262726 1.0 4.0 1.0 25
1.8755649309120377 1.0 0.0 1.0 26
2.3690172895010275 1.0 4.0 1.0 28
1.542457553987862 1.0 0.0 1.0 29
2.3964864124736645 1.0 4.0 1.0 34
2.190837203604821 1.0 4.0 1.0 35
2.7926518549669272 1.0 0.0 1.0 36
2.280229307736615 1.0 0.0 1.0 37
1.9611031318375494 1.0 0.0 1.0 38
1.3700106807493215 1.0 4.0 1.0 39
2.976487589608682 1.0 0.0 1.0 40
1.29159289504777 1.0 4.0 1.0 41
3.601758900327302 1.0 0.0 1.0 42
1.171340477977068 1.0 4.0 1.0 45
1.0552324001603284 1.0 4.0 1.0 46
3.206420996829329 1.0 0.0 1.0 47
2.809858621602534 1.0 0.0 1.0 49
0.2816122858096024 1.0 4.0 1.0 50
4.0 1.0 0.0 1.0 51
0.7271848871052775 1.0 4.0 1.0 52
0.2088321906491105 1.0 4.0 1.0 53
4.539027249520674 1.0 5.0 1.0 54
4.0 1.1487059126366561 4.0 1.0 55
3.4824589178496184 1.0 0.0 1.0 56
0.0 1.1202959873879452 0.0 2.0 57
3.719916220041997 1.0 0.0 1.0 58
3.8594455018111113 1.0 0.0 1.0 59
4.175929645114332 1.0 4.0 1.0 60
0.0 0.9354215566602672 0.0 1.0 61
4.0 1.5689222372919136 4.0 1.0 62
0.0 1.06291290975552 0.0 1.0 63
0.0 0.6879746156961174 0.0 1.0 64
4.0 0.873122780538225 4.0 1.0 65
4.0 1.1263210452189711 4.0 1.0 66
4.319723160362239 1.0 4.0 1.0 67
0.0 0.43434170699063324 0.0 1.0 68
4.0 1.7563634087299373 4.0 1.0 69
4.0 0.3893386254185862 4.0 1.0 70
4.716348923471025 1.0 4.0 1.0 71
0.0 0.25848159888785477 0.0 1.0 72
0.0 1.7140416720229386 0.0 1.0 73
4.0 1.698265637235395 4.0 1.0 74
0.0 0.0 0.0 1.0 75
4.0 0.0 4.0 1.0 76
4.0 2.0 4.0 1.0 77
5.0 1.0 4.0 1.0 78
*** t = 43
1.5973103579276713 1.0 0.0 1.0 3
2.1166127422528214 1.0 4.0 1.0 5
1.62821377007758 1.0 0.0 1.0 6
3.0076797431494398 1.0 4.0 1.0 7
4.0 1.0 4.0 2.0 8
0.0 1.0 0.0 2.0 9
0.14224083971680046 1.0 0.0 1.0 10
0.0 1.0 0.0 2.0 11
4.0 1.0 5.0 1.0 12
2.066202023651261 1.0 0.0 1.0 15
1.1638625473324107 1.0 0.0 1.0 18
2.168104784733049 1.0 0.0 1.0 20
1.708517109950428 1.0 0.0 1.0 21
2.225700957261281 1.0 0.0 1.0 24
3.6804571203989527 1.0 4.0 1.0 25
1.7575407604071511 1.0 0.0 1.0 26
2.5006293611399735 1.0 4.0 1.0 28
1.4059274180982988 1.0 0.0 1.0 29
2.556252173305242 1.0 4.0 1.0 34
2.336893017178476 1.0 4.0 1.0 35
2.6920395095475045 1.0 0.0 1.0 36
2.1479392544855855 1.0 0.0 1.0 37
1.815467641254517 1.0 0.0 1.0 38
1.4945571062719873 1.0 4.0 1.0 39
2.87413634856955 1.0 0.0 1.0 40
1.420752184552547 1.0 4.0 1.0 41
3.5221106803927626 1.0 0.0 1.0 42
1.30148941997452 1.0 4.0 1.0 45
1.1871364501803694 1.0 4.0 1.0 46
3.0930525678049468 1.0 0.0 1.0 47
2.661090949302851 1.0 0.0 1.0 49
0.3754830477461365 1.0 4.0 1.0 50
3.927880082211473 1.0 0.0 1.0 51
0.8726218645263331 1.0 4.0 1.0 52
0.3132482859736657 1.0 4.0 1.0 53
4.673784061900843 1.0 5.0 1.0 54
4.0 1.077764738689711 4.0 1.0 55
3.3530736473120224 1.0 0.0 1.0 56
0.0 1.240591974775891 0.0 2.0 57
3.5798743300629963 1.0 0.0 1.0 58
3.7188910036222227 1.0 0.0 1.0 59
4.084366272349257 1.0 4.0 1.0 60
0.0 1.0 4.0 1.0 61
4.0 1.515037516953403 4.0 1.0 62
0.0 1.0 4.0 1.0 63
0.0 0.8026370516454704 0.0 1.0 64
4.0 1.0 4.0 2.0 65
4.0 1.0 0.0 1.0 66
4.206343687089278 1.0 4.0 1.0 67
0.0 0.5429271337382915 0.0 1.0 68
4.0 1.6954542609124217 4.0 1.0 69
4.0 0.5191181672247817 4.0 1.0 70
4.621798564628033 1.0 4.0 1.0 71
0.0 0.3877223983317821 0.0 1.0 72
0.0 1.5710625080344076 0.0 1.0 73
4.0 1.5473984558530924 4.0 1.0 74
0.0 0.1425554768101928 0.0 1.0 75
4.0 0.13182503759089112 4.0 1.0 76
4.0 1.8809788524094946 4.0 1.0 77
4.899541490000427 1.0 4.0 1.0 78
*** t = 44
1.5115000135679453 1.0 0.0 1.0 3
2.1980209246471607 1.0 4.0 1.0 5
1.540369835636009 1.0 0.0 1.0 6
3.1150968768333485 1.0 4.0 1.0 7
4.0 1.1426314211981858 4.0 2.0 8
0.0 1.1393325533227372 0.0 2.0 9
0.009214661776000525 1.0 0.0 1.0 10
0.0 1.1413525164765352 0.0 2.0 11
4.146191874815285 1.0 5.0 1.0 12
1.978302115635409 1.0 0.0 1.0 15
1.0456901534712608 1.0 0.0 1.0 18
2.0765100239697016 1.0 0.0 1.0 20
1.5993988770909247 1.0 0.0 1.0 21
2.1271287882202414 1.0 0.0 1.0 24
3.847750625871632 1.0 4.0 1.0 25
1.6395165899022643 1.0 0.0 1.0 26
2.6322414327789194 1.0 4.0 1.0 28
1.2693972822087358 1.0 0.0 1.0 29
2.7160179341368194 1.0 4.0 1.0 34
2.4829488307521306 1.0 4.0 1.0 35
2.5914271641280813 1.0 0.0 1.0 36
2.015649201234556 1.0 0.0 1.0 37
1.6698321506714846 1.0 0.0 1.0 38
1.619103531794653 1.0 4.0 1.0 39
2.771785107530418 1.0 0.0 1.0 40
1.549911474057324 1.0 4.0 1.0 41
3.4424624604582226 1.0 0.0 1.0 42
1.431638361971972 1.0 4.0 1.0 45
1.3190405002004104 1.0 4.0 1.0 46
2.9796841387805655 1.0 0.0 1.0 47
2.5123232770031674 1.0 0.0 1.0 49
0.4693538096826706 1.0 4.0 1.0 50
3.855760164422945 1.0 0.0 1.0 51
1.0180588419473886 1.0 4.0 1.0 52
0.417664381298221 1.0 4.0 1.0 53
4.808540874281011 1.0 5.0 1.0 54
4.0 1.0068235647427655 4.0 1.0 55
3.2236883767744273 1.0 0.0 1.0 56
0.0 1.3608879621638363 0.0 2.0 57
3.439832440083995 1.0 0.0 1.0 58
3.578336505433335 1.0 0.0 1.0 59
4.0 1.0 4.0 0.0 60
0.1169276945825334 1.0 4.0 1.0 61
4.0 1.461152796614892 4.0 1.0 62
0.13386958432064 1.0 4.0 1.0 63
0.0 0.9172994875948232 0.0 1.0 64
4.0 1.1455204634230376 4.0 2.0 65
3.8543868408698283 1.0 0.0 1.0 66
4.092964213816319 1.0 4.0 1.0 67
0.0 0.6515125604859497 0.0 1.0 68
4.0 1.634545113094906 4.0 1.0 69
4.0 0.6488977090309771 4.0 1.0 70
4.527248205785042 1.0 4.0 1.0 71
0.0 0.5169631977757095 0.0 1.0 72
0.0 1.4280833440458767 0.0 1.0 73
4.0 1.3965312744707898 4.0 1.0 74
0.0 0.2851109536203856 0.0 1.0 75
4.0 0.26365007518178224 4.0 1.0 76
4.0 1.7619577048189894 4.0 1.0 77
4.799082980000853 1.0 4.0 1.0 78
0.0 0.0 0.0 1.0 79
4.0 2.0 4.0 1.0 80
*** t = 45
1.4256896692082193 1.0 0.0 1.0 3
2.2794291070415 1.0 4.0 1.0 5
1.4525259011944376 1.0 0.0 1.0 6
3.222514010517257 1.0 4.0 1.0 7
4.0 1.2852628423963717 4.0 2.0 8
0.0 1.2786651066454744 0.0 2.0 9
0.0 1.0 0.0 0.0 10
0.0 1.2827050329530707 0.0 2.0 11
4.29238374963057 1.0 5.0 1.0 12
1.8904022076195575 1.0 0.0 1.0 15
0.9275177596101116 1.0 0.0 1.0 18
1.9849152632063543 1.0 0.0 1.0 20
1.4902806442314214 1.0 0.0 1.0 21
2.0285566191792013 1.0 0.0 1.0 24
4.0 1.0 4.0 0.0 25
1.5214924193973776 1.0 0.0 1.0 26
2.7638535044178654 1.0 4.0 1.0 28
1.1328671463191722 1.0 0.0 1.0 29
2.875783694968397 1.0 4.0 1.0 34
2.6290046443257853 1.0 4.0 1.0 35
2.4908148187086585 1.0 0.0 1.0 36
1.8833591479835263 1.0 0.0 1.0 37
1.5241966600884522 1.0 0.0 1.0 38
1.7436499573173185 1.0 4.0 1.0 39
2.6694338664912864 1.0 0.0 1.0 40
1.6790707635621012 1.0 4.0 1.0 41
3.3628142405236834 1.0 0.0 1.0 42
1.561787303969424 1.0 4.0 1.0 45
1.4509445502204514 1.0 4.0 1.0 46
2.8663157097561838 1.0 0.0 1.0 47
2.363555604703484 1.0 0.0 1.0 49
0.5632245716192047 1.0 4.0 1.0 50
3.7836402466344174 1.0 0.0 1.0 51
1.1634958193684442 1.0 4.0 1.0 52
0.5220804766227762 1.0 4.0 1.0 53
4.94329768666118 1.0 5.0 1.0 54
4.0 1.0 4.0 0.0 55
3.0943031062368322 1.0 0.0 1.0 56
0.0 1.4811839495517816 0.0 2.0 57
3.2997905501049933 1.0 0.0 1.0 58
3.4377820072444463 1.0 0.0 1.0 59
4.0 0.9084366272349257 4.0 0.0 60
0.2338553891650668 1.0 4.0 1.0 61
4.0 1.4072680762763816 4.0 1.0 62
0.26773916864128 1.0 4.0 1.0 63
0.0 1.0 4.0 1.0 64
4.0 1.2910409268460752 4.0 2.0 65
3.708773681739657 1.0 0.0 1.0 66
4.0 1.0 0.0 1.0 67
0.0 0.760097987233608 0.0 1.0 68
4.0 1.5736359652773906 4.0 1.0 69
4.0 0.7786772508371727 4.0 1.0 70
4.432697846942051 1.0 4.0 1.0 71
0.0 0.646203997219637 0.0 1.0 72
0.0 1.2851041800573462 0.0 1.0 73
4.0 1.2456640930884872 4.0 1.0 74
0.0 0.4276664304305784 0.0 1.0 75
4.0 0.39547511277267333 4.0 1.0 76
4.0 1.642936557228484 4.0 1.0 77
4.698624470001279 1.0 4.0 1.0 78
0.0 0.11804165851499976 0.0 1.0 79
4.0 1.8707395834415164 4.0 1.0 80
0.0 2.0 0.0 1.0 81
4.0 0.0 4.0 1.0 82
5.0 1.0 4.0 1.0 83
*** t = 46
1.3398793248484935 1.0 0.0 1.0 3
2.3608372894358394 1.0 4.0 1.0 5
1.3646819667528667 1.0 0.0 1.0 6
3.329931144201166 1.0 4.0 1.0 7
4.0 1.4278942635945575 4.0 2.0 8
0.0 1.4179976599682116 0.0 2.0 9
0.0 0.8669738220591999 0.0 0.0 10
0.0 1.424057549429606 0.0 2.0 11
4.438575624445855 1.0 5.0 1.0 12
1.8025022996037057 1.0 0.0 1.0 15
0.8093453657489624 1.0 0.0 1.0 18
1.8933205024430064 1.0 0.0 1.0 20
1.3811624113719183 1.0 0.0 1.0 21
1.9299844501381616 1.0 0.0 1.0 24
4.0 0.8327064945273203 4.0 0.0 25
1.403468248892491 1.0 0.0 1.0 26
2.8954655760568113 1.0 4.0 1.0 28
0.9963370104296092 1.0 0.0 1.0 29
3.0355494557999743 1.0 4.0 1.0 34
2.77506045789944 1.0 4.0 1.0 35
2.390202473289236 1.0 0.0 1.0 36
1.751069094732497 1.0 0.0 1.0 37
1.37856116950542 1.0 0.0 1.0 38
1.8681963828399841 1.0 4.0 1.0 39
2.5670826254521546 1.0 0.0 1.0 40
1.8082300530668782 1.0 4.0 1.0 41
3.2831660205891433 1.0 0.0 1.0 42
1.6919362459668759 1.0 4.0 1.0 45
1.5828486002404925 1.0 4.0 1.0 46
2.7529472807318016 1.0 0.0 1.0 47
2.2147879324038007 1.0 0.0 1.0 49
0.6570953335557388 1.0 4.0 1.0 50
3.7115203288458902 1.0 0.0 1.0 51
1.3089327967894997 1.0 4.0 1.0 52
0.6264965719473314 1.0 4.0 1.0 53
4.0 0.9290588260530547 4.0 0.0 55
2.9649178356992367 1.0 0.0 1.0 56
0.0 1.601479936939727 0.0 2.0 57
3.159748660125992 1.0 0.0 1.0 58
3.2972275090555576 1.0 0.0 1.0 59
4.0 0.8168732544698514 4.0 0.0 60
0.3507830837476002 1.0 4.0 1.0 61
4.0 1.3533833559378707 4.0 1.0 62
0.40160875296192006 1.0 4.0 1.0 63
0.11466243594935291 1.0 4.0 1.0 64
4.0 1.4365613902691126 4.0 2.0 65
3.5631605226094853 1.0 0.0 1.0 66
3.8866205267270395 1.0 0.0 1.0 67
0.0 0.8686834139812664 0.0 1.0 68
4.0 1.512726817459875 4.0 1.0 69
4.0 0.908456792643368 4.0 1.0 70
4.338147488099058 1.0 4.0 1.0 71
0.0 0.7754447966635644 0.0 1.0 72
0.0 1.1421250160688152 0.0 1.0 73
4.0 1.0947969117061847 4.0 1.0 74
0.0 0.5702219072407712 0.0 1.0 75
4.0 0.5273001503635645 4.0 1.0 76
4.0 1.5239154096379786 4.0 1.0 77
4.5981659600017055 1.0 4.0 1.0 78
0.0 0.23608331702999952 0.0 1.0 79
4.0 1.7414791668830325 4.0 1.0 80
0.0 1.8956424370850482 0.0 1.0 81
4.0 0.11452592995084483 4.0 1.0 82
4.90448217105614 1.0 4.0 1.0 83
0.0 0.0 0.0 1.0 84
4.0 2.0 4.0 1.0 85
*** t = 47
1.254068980488767 1.0 0.0 1.0 3
2.4422454718301787 1.0 4.0 1.0 5
1.2768380323112956 1.0 0.0 1.0 6
3.4373482778850746 1.0 4.0 1.0 7
4.0 1.5705256847927433 4.0 2.0 8
0.0 1.5573302132909488 0.0 2.0 9
0.0 0.7339476441183999 0.0 0.0 10
0.0 1.5654100659061414 0.0 2.0 11
4.58476749926114 1.0 5.0 1.0 12
1.7146023915878543 1.0 0.0 1.0 15
0.6911729718878127 1.0 0.0 1.0 18
1.8017257416796588 1.0 0.0 1.0 20
1.2720441785124148 1.0 0.0 1.0 21
1.8314122810971218 1.0 0.0 1.0 24
4.0 0.6654129890546406 4.0 0.0 25
1.2854440783876038 1.0 0.0 1.0 26
3.027077647695757 1.0 4.0 1.0 28
0.8598068745400462 1.0 0.0 1.0 29
3.1953152166315517 1.0 4.0 1.0 34
2.9211162714730947 1.0 4.0 1.0 35
2.2895901278698134 1.0 0.0 1.0 36
1.6187790414814671 1.0 0.0 1.0 37
1.2329256789223877 1.0 0.0 1.0 38
1.9927428083626497 1.0 4.0 1.0 39
2.4647313844130223 1.0 0.0 1.0 40
1.9373893425716553 1.0 4.0 1.0 41
3.2035178006546037 1.0 0.0 1.0 42
1.8220851879643276 1.0 4.0 1.0 45
1.7147526502605333 1.0 4.0 1.0 46
2.6395788517074203 1.0 0.0 1.0 47
2.0660202601041173 1.0 0.0 1.0 49
0.750966095492273 1.0 4.0 1.0 50
3.6394004110573626 1.0 0.0 1.0 51
1.4543697742105552 1.0 4.0 1.0 52
0.7309126672718866 1.0 4.0 1.0 53
4.0 0.8581176521061092 4.0 0.0 55
2.8355325651616408 1.0 0.0 1.0 56
0.0 1.7217759243276725 0.0 2.0 57
3.0197067701469904 1.0 0.0 1.0 58
3.1566730108666694 1.0 0.0 1.0 59
4.0 0.7253098817047772 4.0 0.0 60
0.4677107783301336 1.0 4.0 1.0 61
4.0 1.2994986355993599 4.0 1.0 62
0.53547833728256 1.0 4.0 1.0 63
0.22932487189870582 1.0 4.0 1.0 64
4.0 1.5820818536921502 4.0 2.0 65
3.4175473634793136 1.0 0.0 1.0 66
3.77324105345408 1.0 0.0 1.0 67
0.0 0.9772688407289245 0.0 1.0 68
4.0 1.4518176696423593 4.0 1.0 69
4.0 1.0 4.0 2.0 70
4.243597129256067 1.0 4.0 1.0 71
0.0 0.9046855961074918 0.0 1.0 72
0.0 1.0 4.0 1.0 73
4.0 1.0 0.0 1.0 74
0.0 0.7127773840509639 0.0 1.0 75
4.0 0.6591251879544556 4.0 1.0 76
4.0 1.4048942620474734 4.0 1.0 77
4.497707450002133 1.0 4.0 1.0 78
0.0 0.3541249755449993 0.0 1.0 79
4.0 1.6122187503245486 4.0 1.0 80
0.0 1.7912848741700962 0.0 1.0 81
4.0 0.22905185990168966 4.0 1.0 82
4.8089643421122785 1.0 4.0 1.0 83
0.0 0.13888630541167962 0.0 1.0 84
4.0 1.8383181418823886 4.0 1.0 85
*** t = 48
1.1682586361290412 1.0 0.0 1.0 3
2.523653654224518 1.0 4.0 1.0 5
1.1889940978697247 1.0 0.0 1.0 6
3.5447654115689833 1.0 4.0 1.0 7
4.0 1.7131571059909292 4.0 2.0 8
0.0 1.6966627666136858 0.0 2.0 9
0.0 0.6009214661775999 0.0 0.0 10
0.0 1.7067625823826769 0.0 2.0 11
4.730959374076425 1.0 5.0 1.0 12
1.6267024835720028 1.0 0.0 1.0 15
0.5730005780266635 1.0 0.0 1.0 18
1.7101309809163112 1.0 0.0 1.0 20
1.1629259456529115 1.0 0.0 1.0 21
1.7328401120560821 1.0 0.0 1.0 24
4.0 0.4981194835819609 4.0 0.0 25
1.1674199078827172 1.0 0.0 1.0 26
3.158689719334703 1.0 4.0 1.0 28
0.7232767386504827 1.0 0.0 1.0 29
3.355080977463129 1.0 4.0 1.0 34
3.0671720850467494 1.0 4.0 1.0 35
2.18897778245039 1.0 0.0 1.0 36
1.4864889882304373 1.0 0.0 1.0 37
1.0872901883393553 1.0 0.0 1.0 38
2.1172892338853155 1.0 4.0 1.0 39
2.362380143373891 1.0 0.0 1.0 40
2.066548632076432 1.0 4.0 1.0 41
3.1238695807200645 1.0 0.0 1.0 42
1.9522341299617798 1.0 4.0 1.0 45
1.8466567002805747 1.0 4.0 1.0 46
2.5262104226830386 1.0 0.0 1.0 47
1.917252587804434 1.0 0.0 1.0 49
0.844836857428807 1.0 4.0 1.0 50
3.5672804932688353 1.0 0.0 1.0 51
1.5998067516316106 1.0 4.0 1.0 52
0.8353287625964418 1.0 4.0 1.0 53
4.0 0.787176478159164 4.0 0.0 55
2.7061472946240452 1.0 0.0 1.0 56
0.0 1.842071911715618 0.0 2.0 57
2.879664880167989 1.0 0.0 1.0 58
3.0161185126777807 1.0 0.0 1.0 59
4.0 0.6337465089397029 4.0 0.0 60
0.584638472912667 1.0 4.0 1.0 61
4.0 1.245613915260849 4.0 1.0 62
0.6693479216032 1.0 4.0 1.0 63
0.34398730784805875 1.0 4.0 1.0 64
4.0 1.7276023171151877 4.0 2.0 65
3.2719342043491424 1.0 0.0 1.0 66
3.6598615801811194 1.0 0.0 1.0 67
0.0 1.0 0.0 2.0 68
4.0 1.3909085218248436 4.0 1.0 69
4.0 1.1297795418061956 4.0 2.0 70
4.149046770413076 1.0 4.0 1.0 71
0.0 1.0 4.0 1.0 72
0.1429791639885308 1.0 4.0 1.0 73
3.8491328186176976 1.0 0.0 1.0 74
0.0 0.8553328608611567 0.0 1.0 75
4.0 0.7909502255453468 4.0 1.0 76
4.0 1.285873114456968 4.0 1.0 77
4.397248940002559 1.0 4.0 1.0 78
0.0 0.47216663405999904 0.0 1.0 79
4.0 1.482958333766065 4.0 1.0 80
0.0 1.686927311255144 0.0 1.0 81
4.0 0.3435777898525345 4.0 1.0 82
4.713446513168417 1.0 4.0 1.0 83
0.0 0.27777261082335925 0.0 1.0 84
4.0 1.6766362837647772 4.0 1.0 85
0.0 0.0 0.0 1.0 86
4.0 0.0 4.0 1.0 87
4.0 2.0 4.0 1.0 88
5.0 1.0 4.0 1.0 89
*** t = 49
1.0824482917693155 1.0 0.0 1.0 3
2.6050618366188574 1.0 4.0 1.0 5
1.1011501634281535 1.0 0.0 1.0 6
3.652182545252892 1.0 4.0 1.0 7
4.0 1.855788527189115 4.0 2.0 8
0.0 1.835995319936423 0.0 2.0 9
0.0 0.4678952882367998 0.0 0.0 10
0.0 1.8481150988592119 0.0 2.0 11
4.87715124889171 1.0 5.0 1.0 12
1.5388025755561512 1.0 0.0 1.0 15
0.4548281841655137 1.0 0.0 1.0 18
1.6185362201529636 1.0 0.0 1.0 20
1.0538077127934082 1.0 0.0 1.0 21
1.6342679430150424 1.0 0.0 1.0 24
4.0 0.3308259781092812 4.0 0.0 25
1.0493957373778307 1.0 0.0 1.0 26
3.290301790973649 1.0 4.0 1.0 28
0.5867466027609197 1.0 0.0 1.0 29
3.514846738294706 1.0 4.0 1.0 34
3.213227898620404 1.0 4.0 1.0 35
2.0883654370309674 1.0 0.0 1.0 36
1.354198934979408 1.0 0.0 1.0 37
0.9416546977563229 1.0 0.0 1.0 38
2.241835659407981 1.0 4.0 1.0 39
2.2600289023347586 1.0 0.0 1.0 40
2.195707921581209 1.0 4.0 1.0 41
3.0442213607855244 1.0 0.0 1.0 42
2.082383071959232 1.0 4.0 1.0 45
1.9785607503006155 1.0 4.0 1.0 46
2.412841993658657 1.0 0.0 1.0 47
1.7684849155047508 1.0 0.0 1.0 49
0.9387076193653411 1.0 4.0 1.0 50
3.495160575480308 1.0 0.0 1.0 51
1.7452437290526663 1.0 4.0 1.0 52
0.939744857920997 1.0 4.0 1.0 53
4.0 0.7162353042122187 4.0 0.0 55
2.57676202408645 1.0 0.0 1.0 56
0.0 1.9623678991035631 0.0 2.0 57
2.7396229901889875 1.0 0.0 1.0 58
2.8755640144888925 1.0 0.0 1.0 59
4.0 0.5421831361746285 4.0 0.0 60
0.7015661674952004 1.0 4.0 1.0 61
4.0 1.1917291949223383 4.0 1.0 62
0.8032175059238401 1.0 4.0 1.0 63
0.45864974379741164 1.0 4.0 1.0 64
4.0 1.873122780538225 4.0 2.0 65
3.1263210452189707 1.0 0.0 1.0 66
3.5464821069081593 1.0 0.0 1.0 67
0.0 1.1085854267476583 0.0 2.0 68
4.0 1.329999374007328 4.0 1.0 69
4.0 1.2595590836123909 4.0 2.0 70
4.054496411570084 1.0 4.0 1.0 71
0.12924079944392738 1.0 4.0 1.0 72
0.2859583279770616 1.0 4.0 1.0 73
3.698265637235395 1.0 0.0 1.0 74
0.0 0.9978883376713494 0.0 1.0 75
4.0 0.9227752631362379 4.0 1.0 76
4.0 1.1668519668664628 4.0 1.0 77
4.296790430002985 1.0 4.0 1.0 78
0.0 0.5902082925749987 0.0 1.0 79
4.0 1.3536979172075814 4.0 1.0 80
0.0 1.5825697483401922 0.0 1.0 81
4.0 0.45810371980337933 4.0 1.0 82
4.617928684224557 1.0 4.0 1.0 83
0.0 0.41665891623503887 0.0 1.0 84
4.0 1.5149544256471659 4.0 1.0 85
0.0 0.08230801730334512 0.0 1.0 86
4.0 0.11998692086091603 4.0 1.0 87
4.0 1.8566267646328019 4.0 1.0 88
4.875522192477084 1.0 4.0 1.0 89
